3.3e-06-------------
24600
meandelay: 0.193929 1.61061 2.64833 3.92 8.07509 16.1324 0.193932 2.11099 2.86721 1.71949
coll prob: 0.560106 0 0 9.8517 0 12.5667
avg attempts: 1.25871 inf 0 2.64769 -nan 2.48851
avg load: 2.72505 0 0 13.8134 0 21.0085
throughput: 2.16494 3.96175 8.44178
throughput of packet: 2.16494 3.96175 8.44178

24630
meandelay: 0.193638 1.71552 2.54912 -nan 8.08167 16.1264 0.193638 2.35117 2.62731 1.72011
coll prob: 0.560098 0 0 11.1438 0 11.3165
avg attempts: 1.25852 inf 0 2.76668 -nan 2.32444
avg load: 2.72666 0 0 15.0185 0 19.8605
throughput: 2.16656 3.87464 8.54399
throughput of packet: 2.16656 3.87464 8.54399

24660
meandelay: 0.193466 1.80016 2.58299 -nan 8.08204 16.1412 0.193466 2.58814 2.68253 1.81693
coll prob: 0.560009 0 0 12.4137 0 11.6123
avg attempts: 1.25812 inf 0 2.86311 -nan 2.35908
avg load: 2.72961 0 0 16.1783 0 20.1554
throughput: 2.1696 3.76463 8.54312
throughput of packet: 2.1696 3.76463 8.54312

24690
meandelay: 0.193937 1.85564 2.67249 -nan 8.07773 16.168 0.193937 2.66895 2.85537 1.90136
coll prob: 0.561952 0 0 12.8444 0 12.5179
avg attempts: 1.25885 inf 0 2.9254 -nan 2.4741
avg load: 2.73287 0 0 16.59 0 21.009
throughput: 2.17092 3.74561 8.49115
throughput of packet: 2.17092 3.74561 8.49115

24720
meandelay: 0.194778 1.98135 2.69857 -nan 8.07879 16.1373 0.194778 2.96922 2.8942 2.01345
coll prob: 0.567598 0 0 14.4606 0 12.7317
avg attempts: 1.26089 inf 0 3.06961 -nan 2.49972
avg load: 2.7432 0 0 18.0729 0 21.2202
throughput: 2.1756 3.61231 8.48847
throughput of packet: 2.1756 3.61231 8.48847

24750
meandelay: 0.194142 1.89875 2.8382 3.92 8.07766 16.1563 0.194145 2.79463 3.22324 2.06489
coll prob: 0.563896 0 0 13.5391 0 14.4624
avg attempts: 1.25925 inf 0 2.97632 -nan 2.72801
avg load: 2.73897 0 0 17.2259 0 22.8314
throughput: 2.17507 3.68682 8.36896
throughput of packet: 2.17507 3.68682 8.36896

24780
meandelay: 0.194855 1.93557 2.7531 3.68 8.07457 16.1364 0.194858 2.85534 2.99096 2.00751
coll prob: 0.56957 0 0 13.8705 0 13.263
avg attempts: 1.26114 inf 0 3.01702 -nan 2.56325
avg load: 2.75062 0 0 17.5406 0 21.7467
throughput: 2.18105 3.6701 8.48362
throughput of packet: 2.18105 3.6701 8.48362

24810
meandelay: 0.195113 2.02641 2.92824 -nan 8.0765 16.1406 0.195113 3.06729 3.39651 2.21358
coll prob: 0.570287 0 0 14.9965 0 15.4107
avg attempts: 1.26182 inf 0 3.12011 -nan 2.84932
avg load: 2.7484 0 0 18.5687 0 23.7434
throughput: 2.17811 3.57216 8.33267
throughput of packet: 2.17811 3.57216 8.33267

24840
meandelay: 0.195316 2.15245 2.82185 -nan 8.07779 16.1508 0.195316 3.37762 3.09573 2.21637
coll prob: 0.573139 0 0 16.7066 0 13.8322
avg attempts: 1.26246 inf 0 3.26412 -nan 2.63134
avg load: 2.75679 0 0 20.1361 0 22.3106
throughput: 2.18365 3.42951 8.47839
throughput of packet: 2.18365 3.42951 8.47839

24870
meandelay: 0.195568 2.23176 2.95008 -nan 8.0736 16.145 0.195568 3.55202 3.36046 2.36167
coll prob: 0.573963 0 0 17.6584 0 15.2347
avg attempts: 1.26248 inf 0 3.35426 -nan 2.81573
avg load: 2.76066 0 0 21.0062 0 23.6248
throughput: 2.1867 3.34785 8.39011
throughput of packet: 2.1867 3.34785 8.39011

24900
meandelay: 0.195301 2.17804 3.42294 3.44 8.08092 16.1631 0.195303 3.44203 4.60132 2.73529
coll prob: 0.573974 0 0 17.0823 0 21.8046
avg attempts: 1.26219 inf 0 3.29201 -nan 3.78157
avg load: 2.76314 0 0 20.487 0 29.6433
throughput: 2.18916 3.40472 7.83869
throughput of packet: 2.18916 3.40472 7.83869

24930
meandelay: 0.195913 2.24777 3.1885 -nan 8.07641 16.1583 0.195913 3.55396 3.88436 2.5345
coll prob: 0.578065 0 0 17.6961 0 17.9958
avg attempts: 1.26357 inf 0 3.37256 -nan 3.19733
avg load: 2.77124 0 0 21.0597 0 26.1822
throughput: 2.19318 3.36355 8.18644
throughput of packet: 2.19318 3.36355 8.18644

24960
meandelay: 0.196823 2.25264 3.34845 -nan 8.07806 16.1485 0.196823 3.62197 4.32804 2.70429
coll prob: 0.582615 0 0 18.0874 0 20.3753
avg attempts: 1.26539 inf 0 3.37673 -nan 3.54877
avg load: 2.77793 0 0 21.4064 0 28.3689
throughput: 2.19531 3.31896 7.99365
throughput of packet: 2.19531 3.31896 7.99365

24990
meandelay: 0.196303 2.29579 3.31849 -nan 8.0795 16.1697 0.196303 3.70779 4.23564 2.70363
coll prob: 0.579741 0 0 18.5565 0 19.926
avg attempts: 1.26417 inf 0 3.42655 -nan 3.47243
avg load: 2.77432 0 0 21.8368 0 27.9846
throughput: 2.19458 3.2803 8.05853
throughput of packet: 2.19458 3.2803 8.05853

25020
meandelay: 0.196221 2.4256 3.16507 3.52 8.07606 16.1544 0.196224 3.96319 3.7934 2.63953
coll prob: 0.58163 0 0 19.9532 0 17.563
avg attempts: 1.26416 inf 0 3.57385 -nan 3.12433
avg load: 2.78342 0 0 23.1138 0 25.8295
throughput: 2.20179 3.16065 8.26652
throughput of packet: 2.20179 3.16065 8.26652

25050
meandelay: 0.19665 2.43315 3.46605 3.36 8.07857 16.1645 0.196653 4.02625 4.48947 2.89199
coll prob: 0.582906 0 0 20.3179 0 21.2674
avg attempts: 1.2649 inf 0 3.58233 -nan 3.66357
avg load: 2.78336 0 0 23.4368 0 29.2485
throughput: 2.20045 3.11888 7.9811
throughput of packet: 2.20045 3.11888 7.9811

25080
meandelay: 0.196121 2.5442 3.56864 4.16 8.07967 16.1477 0.196124 4.23991 4.85203 3.08141
coll prob: 0.582309 0 0 21.4962 0 23.2324
avg attempts: 1.26415 inf 0 3.70776 -nan 3.98162
avg load: 2.78671 0 0 24.5134 0 31.0238
throughput: 2.20441 3.01726 7.79146
throughput of packet: 2.20441 3.01726 7.79146

25110
meandelay: 0.197036 2.61437 3.7838 -nan 8.08056 16.1515 0.197036 4.36067 5.37707 3.29514
coll prob: 0.586709 0 0 22.1846 0 26.0601
avg attempts: 1.26586 inf 0 3.78946 -nan 4.44617
avg load: 2.79348 0 0 25.1489 0 33.6192
throughput: 2.20677 2.96423 7.5591
throughput of packet: 2.20677 2.96423 7.5591

25140
meandelay: 0.197731 2.77705 4.03355 -nan 8.07537 16.1532 0.197731 4.64231 5.87629 3.54908
coll prob: 0.592372 0 0 23.7333 0 28.7225
avg attempts: 1.2672 inf 0 3.97359 -nan 4.90233
avg load: 2.80937 0 0 26.5564 0 36.0804
throughput: 2.217 2.82305 7.35781
throughput of packet: 2.217 2.82305 7.35781

25170
meandelay: 0.19728 2.87125 4.30726 -nan 8.07615 16.1551 0.19728 4.79938 6.47056 3.79857
coll prob: 0.590206 0 0 24.6233 0 31.8772
avg attempts: 1.26656 inf 0 4.08172 -nan 5.49833
avg load: 2.80433 0 0 27.3693 0 38.9635
throughput: 2.21413 2.74604 7.0863
throughput of packet: 2.21413 2.74604 7.0863

