3.3e-06-------------
900
meandelay: 0.0832592 0.172206 0.345993 -nan -nan -nan 0.0832592 0.172206 0.345993 0.200921
coll prob: 0.00057037 0 0 0.00222222 0 0.00468148
avg attempts: 1.00722 -nan -nan 1.01404 -nan 1.01467
avg load: 0.0796167 0 0 0.160448 0 0.323763
throughput: 0.0790463 0.158226 0.319081
throughput of packet: 0.0790463 0.158226 0.319081

3000
meandelay: 0.0899584 0.202375 0.404982 -nan -nan -nan 0.0899584 0.202375 0.404982 0.232674
coll prob: 0.00597593 0 0 0.025163 0 0.0508593
avg attempts: 1.02273 -nan -nan 1.04787 -nan 1.04818
avg load: 0.268831 0 0 0.550826 0 1.10657
throughput: 0.262856 0.525663 1.05571
throughput of packet: 0.262856 0.525663 1.05571

6000
meandelay: 0.100636 0.250213 0.503531 -nan -nan -nan 0.100636 0.250213 0.503531 0.284627
coll prob: 0.0246556 0 0 0.108437 0 0.219022
avg attempts: 1.04667 -nan -nan 1.10275 -nan 1.10389
avg load: 0.55297 0 0 1.16373 0 2.32704
throughput: 0.528315 1.05529 2.10801
throughput of packet: 0.528315 1.05529 2.10801

9000
meandelay: 0.113134 0.307907 0.616768 -nan -nan -nan 0.113134 0.307907 0.616768 0.345827
coll prob: 0.0593222 0 0 0.266111 0 0.533881
avg attempts: 1.07496 -nan -nan 1.16776 -nan 1.16881
avg load: 0.850648 0 0 1.85237 0 3.69636
throughput: 0.791326 1.58626 3.16247
throughput of packet: 0.791326 1.58626 3.16247

12000
meandelay: 0.125209 0.378337 0.754816 -nan -nan -nan 0.125209 0.378337 0.754816 0.419471
coll prob: 0.108254 0 0 0.521511 0 1.04241
avg attempts: 1.10266 -nan -nan 1.2478 -nan 1.24715
avg load: 1.16279 0 0 2.62603 0 5.26009
throughput: 1.05454 2.10451 4.21767
throughput of packet: 1.05454 2.10451 4.21767

15000
meandelay: 0.139938 0.468948 0.933332 -nan 7.16 16.64 0.139938 0.468986 0.933443 0.51346
coll prob: 0.179815 0 0 0.926263 0 1.83424
avg attempts: 1.13618 inf 0 1.35141 -nan 1.34897
avg load: 1.50026 0 0 3.56166 0 7.08984
throughput: 1.32044 2.6354 5.25559
throughput of packet: 1.32044 2.6354 5.25559

18000
meandelay: 0.153695 0.592645 1.17338 -nan 7.53455 16.0835 0.153695 0.592824 1.17378 0.63982
coll prob: 0.264644 0 0 1.55531 0 3.06501
avg attempts: 1.16737 inf 0 1.4914 -nan 1.48535
avg load: 1.84583 0 0 4.71859 0 9.37979
throughput: 1.58119 3.16327 6.31479
throughput of packet: 1.58119 3.16327 6.31479

21000
meandelay: 0.171642 0.778984 1.52524 -nan 7.96232 16.3516 0.171642 0.780852 1.52766 0.825405
coll prob: 0.385061 0 0 2.6017 0 5.04853
avg attempts: 1.20819 inf 0 1.7029 -nan 1.68642
avg load: 2.23466 0 0 6.2893 0 12.4028
throughput: 1.84959 3.6876 7.35431
throughput of packet: 1.84959 3.6876 7.35431

24000
meandelay: 0.189977 1.24509 2.20726 3.92 8.06558 16.1639 0.18998 1.34919 2.23907 1.25691
coll prob: 0.527109 0 0 5.74524 0 9.15278
avg attempts: 1.24988 inf 0 2.23217 -nan 2.09514
avg load: 2.63651 0 0 9.88681 0 17.5093
throughput: 2.1094 4.14157 8.35651
throughput of packet: 2.1094 4.14157 8.35651

27000
meandelay: 0.210079 3.79031 7.5194 -nan 8.0804 16.1621 0.210079 6.67395 12.9845 6.53025
coll prob: 0.702541 0 0 37.5645 0 71.2556
avg attempts: 1.29559 inf 0 5.12448 -nan 22.2884
avg load: 3.07925 0 0 39.0897 0 74.6021
throughput: 2.37671 1.52519 3.34653
throughput of packet: 2.37671 1.52519 3.34653

30000
meandelay: 0.235199 3.95454 7.90204 3.97333 8.0792 16.1587 0.235207 7.32984 14.4674 7.2334
coll prob: 0.92962 0 0 46.2173 0 88.9543
avg attempts: 1.35248 inf 0 5.31217 -nan 44.1268
avg load: 3.56695 0 0 47.1537 0 91.0165
throughput: 2.63733 0.936363 2.06224
throughput of packet: 2.63733 0.936363 2.06224

33000
meandelay: 0.262365 4.01421 8.02182 3.76 8.08054 16.1588 0.262403 7.64112 15.1605 7.56756
coll prob: 1.20211 0 0 53.1923 0 102.913
avg attempts: 1.41446 inf 0 5.37855 -nan 76.8868
avg load: 4.10238 0 0 53.8042 0 104.269
throughput: 2.90028 0.611933 1.35589
throughput of packet: 2.90028 0.611933 1.35589

36000
meandelay: 0.295404 4.05705 8.07462 4.04909 8.07993 16.1597 0.295501 7.811 15.54 7.75343
coll prob: 1.55131 0 0 59.3631 0 115.245
avg attempts: 1.49 inf 0 5.43183 -nan 125.889
avg load: 4.71724 0 0 59.7752 0 116.167
throughput: 3.16594 0.412144 0.922615
throughput of packet: 3.16594 0.412144 0.922615

39000
meandelay: 0.336292 4.08438 8.14007 3.99347 8.0786 16.161 0.336583 7.91163 15.7717 7.87426
coll prob: 1.9989 0 0 65.2773 0 126.781
avg attempts: 1.58301 inf 0 5.45835 -nan 201.504
avg load: 5.42735 0 0 65.5566 0 127.413
throughput: 3.42845 0.279326 0.632193
throughput of packet: 3.42845 0.279326 0.632193

42000
meandelay: 0.388905 4.09181 8.09984 3.99327 8.07924 16.1588 0.389874 7.97291 15.9102 7.96741
coll prob: 2.59655 0 0 70.8442 0 138.118
avg attempts: 1.70488 inf 0 5.47337 -nan 319.636
avg load: 6.28021 0 0 71.0359 0 138.551
throughput: 3.68366 0.191715 0.433385
throughput of packet: 3.68366 0.191715 0.433385

45000
meandelay: 0.467198 4.10489 8.12467 4.00743 8.08006 16.1617 0.471104 8.01242 16.0001 8.02654
coll prob: 3.52014 0 0 76.4429 0 148.588
avg attempts: 1.89062 inf 0 5.48399 -nan 492.782
avg load: 7.47248 0 0 76.5742 0 148.89
throughput: 3.95235 0.131293 0.302089
throughput of packet: 3.95235 0.131293 0.302089

48000
meandelay: 0.631481 4.07265 8.15277 4.03419 8.08018 16.162 0.693019 8.03667 16.0578 8.13609
coll prob: 5.94497 0 0 81.7793 0 159.233
avg attempts: 2.43744 inf 0 5.44327 -nan 763.93
avg load: 10.0807 0 0 81.8686 0 159.442
throughput: 4.13571 0.0893111 0.208674
throughput of packet: 4.13571 0.0893111 0.208674

