3.3e-06-------------
24000
meandelay: 0.189878 1.23409 2.22207 -nan 8.07132 16.0425 0.189878 1.32337 2.25977 1.255
coll prob: 0.526337 0 0 5.60856 0 9.25814
avg attempts: 1.24948 inf 0 2.21958 -nan 2.10851
avg load: 2.63603 0 0 9.75713 0 17.609
throughput: 2.10969 4.14857 8.35086
throughput of packet: 2.10969 4.14857 8.35086

24030
meandelay: 0.18957 1.24663 2.2211 3.6 8.0701 16.0547 0.189573 1.3401 2.25527 1.25892
coll prob: 0.525957 0 0 5.70352 0 9.24519
avg attempts: 1.24891 inf 0 2.2347 -nan 2.1052
avg load: 2.63895 0 0 9.85557 0 17.6098
throughput: 2.11299 4.15205 8.36461
throughput of packet: 2.11299 4.15205 8.36461

24060
meandelay: 0.190296 1.27241 2.25121 -nan 8.06927 16.0582 0.190296 1.38422 2.28572 1.28373
coll prob: 0.53062 0 0 5.93168 0 9.40531
avg attempts: 1.25057 inf 0 2.26409 -nan 2.12266
avg load: 2.64817 0 0 10.0756 0 17.7824
throughput: 2.11755 4.14392 8.37708
throughput of packet: 2.11755 4.14392 8.37708

24090
meandelay: 0.190223 1.23189 2.25887 -nan 8.07738 16.1538 0.190223 1.31661 2.29697 1.2654
coll prob: 0.530319 0 0 5.59002 0 9.46972
avg attempts: 1.25052 inf 0 2.21847 -nan 2.12942
avg load: 2.64717 0 0 9.74936 0 17.8538
throughput: 2.11685 4.15933 8.38407
throughput of packet: 2.11685 4.15933 8.38407

24120
meandelay: 0.191119 1.3311 2.25918 -nan 8.07946 16.1038 0.191119 1.49984 2.29679 1.32634
coll prob: 0.53623 0 0 6.54465 0 9.48079
avg attempts: 1.25276 inf 0 2.33097 -nan 2.12971
avg load: 2.65767 0 0 10.6671 0 17.8726
throughput: 2.12144 4.12246 8.39182
throughput of packet: 2.12144 4.12246 8.39182

24150
meandelay: 0.190593 1.26937 2.28114 3.92 8.0635 16.1741 0.190597 1.37518 2.31991 1.29165
coll prob: 0.535104 0 0 5.90134 0 9.59551
avg attempts: 1.25157 inf 0 2.26011 -nan 2.14217
avg load: 2.66217 0 0 10.0618 0 17.996
throughput: 2.12707 4.1605 8.4005
throughput of packet: 2.12707 4.1605 8.4005

24180
meandelay: 0.190704 1.34156 2.30439 -nan 8.07633 16.1246 0.190704 1.53595 2.34645 1.35497
coll prob: 0.534519 0 0 6.74426 0 9.74379
avg attempts: 1.25144 inf 0 2.34179 -nan 2.15818
avg load: 2.66036 0 0 10.859 0 18.1564
throughput: 2.12584 4.11471 8.41266
throughput of packet: 2.12584 4.11471 8.41266

24210
meandelay: 0.190732 1.35954 2.31046 -nan 8.07963 16.1202 0.190732 1.55276 2.35084 1.36186
coll prob: 0.535915 0 0 6.83919 0 9.77213
avg attempts: 1.25161 inf 0 2.36339 -nan 2.1597
avg load: 2.66589 0 0 10.9605 0 18.1983
throughput: 2.12997 4.12131 8.42615
throughput of packet: 2.12997 4.12131 8.42615

24240
meandelay: 0.191794 1.31705 2.31737 -nan 8.05386 16.1125 0.191794 1.44124 2.36034 1.3284
coll prob: 0.541033 0 0 6.25697 0 9.8381
avg attempts: 1.25376 inf 0 2.31466 -nan 2.16566
avg load: 2.67311 0 0 10.4212 0 18.2771
throughput: 2.13208 4.16425 8.43901
throughput of packet: 2.13208 4.16425 8.43901

24270
meandelay: 0.191361 1.37169 2.3178 -nan 8.07432 16.1383 0.191361 1.55504 2.35775 1.36545
coll prob: 0.539819 0 0 6.85448 0 9.83187
avg attempts: 1.25303 inf 0 2.37647 -nan 2.16374
avg load: 2.67321 0 0 10.9892 0 18.2799
throughput: 2.13339 4.13468 8.44804
throughput of packet: 2.13339 4.13468 8.44804

24300
meandelay: 0.191716 1.37757 2.35195 -nan 8.06991 16.1969 0.191716 1.59142 2.39759 1.39132
coll prob: 0.54215 0 0 7.04876 0 10.0494
avg attempts: 1.25383 inf 0 2.38245 -nan 2.18695
avg load: 2.678 0 0 11.1645 0 18.5155
throughput: 2.13585 4.11571 8.46606
throughput of packet: 2.13585 4.11571 8.46606

24330
meandelay: 0.192426 1.44802 2.38732 -nan 8.07151 16.0663 0.192426 1.76965 2.4426 1.46365
coll prob: 0.548106 0 0 7.99789 0 10.2717
avg attempts: 1.25537 inf 0 2.46345 -nan 2.21523
avg load: 2.69438 0 0 12.0497 0 18.7233
throughput: 2.14627 4.05179 8.45161
throughput of packet: 2.14627 4.05179 8.45161

24360
meandelay: 0.191946 1.44479 2.40634 -nan 8.07226 16.1344 0.191946 1.73033 2.48066 1.46437
coll prob: 0.544861 0 0 7.79548 0 10.4854
avg attempts: 1.25415 inf 0 2.45971 -nan 2.2396
avg load: 2.68869 0 0 11.8769 0 18.9436
throughput: 2.14383 4.08143 8.45821
throughput of packet: 2.14383 4.08143 8.45821

24390
meandelay: 0.191743 1.46751 2.39557 3.28 8.07269 16.0913 0.191746 1.77891 2.4542 1.47214
coll prob: 0.544583 0 0 8.05352 0 10.3572
avg attempts: 1.25407 inf 0 2.48457 -nan 2.22214
avg load: 2.68798 0 0 12.1223 0 18.8313
throughput: 2.1434 4.06874 8.47412
throughput of packet: 2.1434 4.06874 8.47412

24420
meandelay: 0.192591 1.48872 2.42222 3.76 8.07267 16.1552 0.192594 1.83322 2.52252 1.51236
coll prob: 0.549735 0 0 8.35859 0 10.7122
avg attempts: 1.25598 inf 0 2.51125 -nan 2.26827
avg load: 2.69721 0 0 12.4087 0 19.1576
throughput: 2.14748 4.05016 8.44544
throughput of packet: 2.14748 4.05016 8.44544

24450
meandelay: 0.192861 1.52968 2.41327 -nan 8.07254 16.09 0.192861 1.92153 2.48729 1.53008
coll prob: 0.551613 0 0 8.80921 0 10.5444
avg attempts: 1.25645 inf 0 2.55621 -nan 2.24335
avg load: 2.70253 0 0 12.8254 0 19.0236
throughput: 2.15092 4.01615 8.4792
throughput of packet: 2.15092 4.01615 8.4792

24480
meandelay: 0.192097 1.56072 2.45034 -nan 8.07859 16.1191 0.192097 2.02183 2.51 1.57159
coll prob: 0.548217 0 0 9.3561 0 10.6729
avg attempts: 1.25485 inf 0 2.59091 -nan 2.25475
avg load: 2.69935 0 0 13.3335 0 19.1773
throughput: 2.15113 3.97741 8.5043
throughput of packet: 2.15113 3.97741 8.5043

24510
meandelay: 0.192873 1.56938 2.45296 -nan 8.07808 16.1305 0.192873 2.00986 2.51609 1.56905
coll prob: 0.55398 0 0 9.2931 0 10.6965
avg attempts: 1.25698 inf 0 2.60106 -nan 2.25782
avg load: 2.70971 0 0 13.2868 0 19.1996
throughput: 2.15573 3.99367 8.5031
throughput of packet: 2.15573 3.99367 8.5031

24540
meandelay: 0.193227 1.6006 2.53754 -nan 8.07735 16.13 0.193227 2.08099 2.64819 1.63675
coll prob: 0.555289 0 0 9.67026 0 11.3998
avg attempts: 1.2571 inf 0 2.63712 -nan 2.34154
avg load: 2.7151 0 0 13.6362 0 19.897
throughput: 2.15981 3.96597 8.49714
throughput of packet: 2.15981 3.96597 8.49714

24570
meandelay: 0.194027 1.61864 2.49946 -nan 8.07251 16.1199 0.194027 2.09407 2.57855 1.61776
coll prob: 0.560596 0 0 9.75085 0 11.0426
avg attempts: 1.25917 inf 0 2.65661 -nan 2.29664
avg load: 2.72359 0 0 13.7266 0 19.5583
throughput: 2.163 3.97572 8.51567
throughput of packet: 2.163 3.97572 8.51567

24600
meandelay: 0.194425 1.6135 2.55717 -nan 8.0765 16.1356 0.194425 2.09709 2.69417 1.65774
coll prob: 0.562817 0 0 9.77384 0 11.6623
avg attempts: 1.26008 inf 0 2.65132 -nan 2.3726
avg load: 2.72685 0 0 13.7467 0 20.1565
throughput: 2.16403 3.9729 8.49419
throughput of packet: 2.16403 3.9729 8.49419

24630
meandelay: 0.193224 1.7445 2.60756 -nan 8.07552 16.1369 0.193224 2.39575 2.79205 1.78938
coll prob: 0.556883 0 0 11.3679 0 12.166
avg attempts: 1.25733 inf 0 2.79993 -nan 2.43748
avg load: 2.72095 0 0 15.2258 0 20.6277
throughput: 2.16406 3.85794 8.46175
throughput of packet: 2.16406 3.85794 8.46175

24660
meandelay: 0.194141 1.77624 2.684 -nan 8.07761 16.1599 0.194141 2.527 2.90207 1.8701
coll prob: 0.562461 0 0 12.0936 0 12.7698
avg attempts: 1.25936 inf 0 2.83526 -nan 2.50826
avg load: 2.73103 0 0 15.8869 0 21.2352
throughput: 2.16856 3.79337 8.46542
throughput of packet: 2.16856 3.79337 8.46542

24690
meandelay: 0.194246 1.86795 2.60791 -nan 8.07636 16.1513 0.194246 2.69932 2.74023 1.87329
coll prob: 0.564087 0 0 13.0155 0 11.9341
avg attempts: 1.25972 inf 0 2.94019 -nan 2.3994
avg load: 2.73593 0 0 16.7485 0 20.4618
throughput: 2.17184 3.73302 8.52765
throughput of packet: 2.17184 3.73302 8.52765

24720
meandelay: 0.194336 1.73027 2.63784 3.36 8.07936 16.1618 0.194338 2.42409 2.81188 1.80449
coll prob: 0.565354 0 0 11.5572 0 12.2982
avg attempts: 1.25994 inf 0 2.78407 -nan 2.44789
avg load: 2.74028 0 0 15.3955 0 20.7917
throughput: 2.17493 3.83829 8.4935
throughput of packet: 2.17493 3.83829 8.4935

24750
meandelay: 0.194249 1.92857 2.70951 -nan 8.07466 16.1606 0.194249 2.84629 2.90827 1.97815
coll prob: 0.564772 0 0 13.8399 0 12.8178
avg attempts: 1.25958 inf 0 3.00964 -nan 2.50784
avg load: 2.74047 0 0 17.515 0 21.3169
throughput: 2.17569 3.67513 8.49913
throughput of packet: 2.17569 3.67513 8.49913

24780
meandelay: 0.19579 1.92652 2.79133 -nan 8.08011 16.1314 0.19579 2.84789 3.07198 2.03221
coll prob: 0.574713 0 0 13.8515 0 13.6868
avg attempts: 1.26339 inf 0 3.00665 -nan 2.61955
avg load: 2.75655 0 0 17.5272 0 22.1366
throughput: 2.18184 3.67567 8.44979
throughput of packet: 2.18184 3.67567 8.44979

24810
meandelay: 0.195194 1.9299 2.81362 4.24 8.07767 16.1246 0.195197 2.87128 3.10762 2.05077
coll prob: 0.572187 0 0 13.9703 0 13.8655
avg attempts: 1.26197 inf 0 3.01131 -nan 2.64208
avg load: 2.7563 0 0 17.6273 0 22.3089
throughput: 2.18411 3.65703 8.44338
throughput of packet: 2.18411 3.65703 8.44338

24840
meandelay: 0.195313 2.05948 2.89918 -nan 8.0743 16.1365 0.195313 3.16604 3.2801 2.2075
coll prob: 0.571022 0 0 15.5725 0 14.7884
avg attempts: 1.2617 inf 0 3.15843 -nan 2.76139
avg load: 2.75296 0 0 19.1013 0 23.1839
throughput: 2.18194 3.52878 8.39552
throughput of packet: 2.18194 3.52878 8.39552

24870
meandelay: 0.195574 2.1605 2.92746 -nan 8.08048 16.1499 0.195574 3.40218 3.31236 2.29665
coll prob: 0.573996 0 0 16.8561 0 14.9645
avg attempts: 1.26276 inf 0 3.27334 -nan 2.78117
avg load: 2.75848 0 0 20.2765 0 23.3658
throughput: 2.18448 3.4204 8.40124
throughput of packet: 2.18448 3.4204 8.40124

24900
meandelay: 0.19524 2.12327 3.24793 3.92 8.07911 16.1512 0.195247 3.31479 4.07852 2.52137
coll prob: 0.572769 0 0 16.39 0 19.0539
avg attempts: 1.26184 inf 0 3.23068 -nan 3.35175
avg load: 2.76019 0 0 19.8534 0 27.1549
throughput: 2.18742 3.46344 8.10101
throughput of packet: 2.18742 3.46344 8.10101

24930
meandelay: 0.196505 2.3164 2.9869 3.68 8.07804 16.1537 0.196508 3.71295 3.44969 2.44473
coll prob: 0.579996 0 0 18.5515 0 15.727
avg attempts: 1.26459 inf 0 3.44959 -nan 2.87886
avg load: 2.772 0 0 21.8355 0 24.0971
throughput: 2.192 3.28396 8.37006
throughput of packet: 2.192 3.28396 8.37006

24960
meandelay: 0.196433 2.27543 3.34769 -nan 8.07877 16.1734 0.196433 3.64251 4.38362 2.72931
coll prob: 0.5817 0 0 18.1871 0 20.7035
avg attempts: 1.26477 inf 0 3.40276 -nan 3.59894
avg load: 2.77868 0 0 21.5032 0 28.6694
throughput: 2.19698 3.31605 7.96587
throughput of packet: 2.19698 3.31605 7.96587

24990
meandelay: 0.196793 2.46168 3.18407 3.6 8.07725 16.1434 0.196802 4.06498 3.88026 2.70411
coll prob: 0.583517 0 0 20.5298 0 18.044
avg attempts: 1.26545 inf 0 3.61425 -nan 3.1951
avg load: 2.78167 0 0 23.6351 0 26.2638
throughput: 2.19815 3.10528 8.21979
throughput of packet: 2.19815 3.10528 8.21979

25020
meandelay: 0.196057 2.46031 3.33799 -nan 8.07833 16.1626 0.196057 4.0695 4.25261 2.8286
coll prob: 0.580272 0 0 20.5431 0 20.0439
avg attempts: 1.26381 inf 0 3.61402 -nan 3.48193
avg load: 2.7798 0 0 23.6421 0 28.1195
throughput: 2.19953 3.099 8.07564
throughput of packet: 2.19953 3.099 8.07564

25050
meandelay: 0.197506 2.55394 3.36488 3.84 8.07565 16.1612 0.197509 4.21589 4.3375 2.90455
coll prob: 0.588193 0 0 21.3584 0 20.4705
avg attempts: 1.26709 inf 0 3.71849 -nan 3.55227
avg load: 2.79038 0 0 24.3989 0 28.4907
throughput: 2.20219 3.04049 8.02019
throughput of packet: 2.20219 3.04049 8.02019

25080
meandelay: 0.197181 2.52528 3.69794 -nan 8.07806 16.1574 0.197181 4.2444 5.07107 3.1548
coll prob: 0.587259 0 0 21.5404 0 24.3817
avg attempts: 1.26621 inf 0 3.68749 -nan 4.15801
avg load: 2.79324 0 0 24.5438 0 32.098
throughput: 2.20598 3.00335 7.71632
throughput of packet: 2.20598 3.00335 7.71632

25110
meandelay: 0.197061 2.6981 4.15403 3.6 8.0793 16.1547 0.197064 4.52515 6.27128 3.64522
coll prob: 0.587144 0 0 23.0703 0 30.8552
avg attempts: 1.26614 inf 0 3.88382 -nan 5.31974
avg load: 2.79322 0 0 25.945 0 37.9956
throughput: 2.20608 2.87468 7.1404
throughput of packet: 2.20608 2.87468 7.1404

25140
meandelay: 0.197129 2.73273 4.08576 3.6 8.07869 16.1598 0.197132 4.59882 5.98761 3.57363
coll prob: 0.588254 0 0 23.5078 0 29.2148
avg attempts: 1.26645 inf 0 3.92386 -nan 5.00845
avg load: 2.79598 0 0 26.3444 0 36.5028
throughput: 2.20773 2.83665 7.28804
throughput of packet: 2.20773 2.83665 7.28804

25170
meandelay: 0.197929 2.73274 4.20603 4.32 8.07777 16.1559 0.197933 4.6079 6.25347 3.66428
coll prob: 0.593015 0 0 23.6045 0 30.7231
avg attempts: 1.26798 inf 0 3.92395 -nan 5.27598
avg load: 2.80589 0 0 26.4385 0 37.9061
throughput: 2.21288 2.83402 7.18301
throughput of packet: 2.21288 2.83402 7.18301

25200
meandelay: 0.197743 2.7833 4.55376 4.4 8.08055 16.1605 0.197747 4.67437 6.94535 3.91375
coll prob: 0.591572 0 0 23.9234 0 34.3799
avg attempts: 1.26734 inf 0 3.97894 -nan 5.99929
avg load: 2.80437 0 0 26.7275 0 41.2563
throughput: 2.2128 2.80416 6.87643
throughput of packet: 2.2128 2.80416 6.87643

25230
meandelay: 0.198252 2.91494 4.97518 -nan 8.07841 16.1641 0.198252 4.94019 7.81378 4.28612
coll prob: 0.595089 0 0 25.4769 0 39.0055
avg attempts: 1.26861 inf 0 4.12969 -nan 7.04357
avg load: 2.81054 0 0 28.1352 0 45.4589
throughput: 2.21545 2.6583 6.45339
throughput of packet: 2.21545 2.6583 6.45339

25260
meandelay: 0.198847 2.76622 5.24351 -nan 8.07991 16.1578 0.198847 4.68697 8.26106 4.34586
coll prob: 0.599896 0 0 24.0951 0 41.4121
avg attempts: 1.27006 inf 0 3.96083 -nan 7.61769
avg load: 2.82122 0 0 26.8895 0 47.6697
throughput: 2.22133 2.79439 6.25759
throughput of packet: 2.22133 2.79439 6.25759

25290
meandelay: 0.198883 3.0713 4.93312 -nan 8.07807 16.1609 0.198883 5.19347 7.76504 4.35328
coll prob: 0.601094 0 0 26.9158 0 38.8686
avg attempts: 1.2704 inf 0 4.30821 -nan 6.99385
avg load: 2.82402 0 0 29.4393 0 45.3517
throughput: 2.22292 2.52347 6.48314
throughput of packet: 2.22292 2.52347 6.48314

25320
meandelay: 0.199295 3.05065 6.16587 -nan 8.07718 16.1544 0.199295 5.16821 9.82082 5.01459
coll prob: 0.603531 0 0 26.7927 0 49.7923
avg attempts: 1.27126 inf 0 4.28345 -nan 10.0926
avg load: 2.8284 0 0 29.3291 0 55.2684
throughput: 2.22487 2.5364 5.47605
throughput of packet: 2.22487 2.5364 5.47605

25350
meandelay: 0.1985 3.06073 5.91259 -nan 8.08148 16.1537 0.1985 5.18119 9.50404 4.91301
coll prob: 0.600454 0 0 26.8642 0 48.1687
avg attempts: 1.2693 inf 0 4.29489 -nan 9.57967
avg load: 2.83011 0 0 29.3968 0 53.7829
throughput: 2.22966 2.53264 5.61414
throughput of packet: 2.22966 2.53264 5.61414

25380
meandelay: 0.19912 3.02588 6.05066 2.96 8.07734 16.158 0.199125 5.15599 9.75831 4.98651
coll prob: 0.6046 0 0 26.7629 0 49.5965
avg attempts: 1.27067 inf 0 4.25657 -nan 10.0507
avg load: 2.83828 0 0 29.3001 0 55.0749
throughput: 2.23368 2.53721 5.47839
throughput of packet: 2.23368 2.53721 5.47839

25410
meandelay: 0.198598 3.23709 5.84201 3.36 8.07979 16.1597 0.198601 5.46078 9.44633 4.9872
coll prob: 0.601587 0 0 28.4861 0 47.9307
avg attempts: 1.26939 inf 0 4.49628 -nan 9.5055
avg load: 2.83467 0 0 30.8624 0 53.5649
throughput: 2.23309 2.37627 5.63413
throughput of packet: 2.23309 2.37627 5.63413

25440
meandelay: 0.200564 3.13785 6.2056 4.48 8.08088 16.1572 0.200567 5.36435 10.0825 5.15915
coll prob: 0.613637 0 0 28.0141 0 51.3855
avg attempts: 1.27399 inf 0 4.38358 -nan 10.7237
avg load: 2.85323 0 0 30.433 0 56.669
throughput: 2.2396 2.41895 5.28357
throughput of packet: 2.2396 2.41895 5.28357

25470
meandelay: 0.199562 3.2115 6.1383 4.32 8.0803 16.1654 0.199565 5.454 9.93237 5.14347
coll prob: 0.60793 0 0 28.4843 0 50.5491
avg attempts: 1.27207 inf 0 4.46669 -nan 10.3923
avg load: 2.84234 0 0 30.857 0 55.9302
throughput: 2.23441 2.37263 5.38104
throughput of packet: 2.23441 2.37263 5.38104

25500
meandelay: 0.19899 3.22425 6.39911 -nan 8.08035 16.1599 0.19899 5.47742 10.416 5.30847
coll prob: 0.606096 0 0 28.6531 0 53.364
avg attempts: 1.2704 inf 0 4.48084 -nan 11.4481
avg load: 2.84753 0 0 31.0137 0 58.4706
throughput: 2.24144 2.36061 5.10656
throughput of packet: 2.24144 2.36061 5.10656

25530
meandelay: 0.199777 3.29267 6.43548 -nan 8.07998 16.1609 0.199777 5.60574 10.5226 5.38319
coll prob: 0.61188 0 0 29.427 0 54.024
avg attempts: 1.2721 inf 0 4.55748 -nan 11.722
avg load: 2.86057 0 0 31.7069 0 59.0618
throughput: 2.24869 2.27989 5.03781
throughput of packet: 2.24869 2.27989 5.03781

25560
meandelay: 0.200397 3.34387 6.43148 -nan 8.07726 16.1533 0.200397 5.65373 10.5099 5.39521
coll prob: 0.614344 0 0 29.6957 0 53.9572
avg attempts: 1.2733 inf 0 4.61765 -nan 11.6989
avg load: 2.8622 0 0 31.954 0 58.9997
throughput: 2.24786 2.25829 5.04244
throughput of packet: 2.24786 2.25829 5.04244

25590
meandelay: 0.200123 3.43178 6.80206 -nan 8.07765 16.1551 0.200123 5.79262 11.0151 5.61068
coll prob: 0.613083 0 0 30.5417 0 56.7369
avg attempts: 1.2732 inf 0 4.71611 -nan 12.8793
avg load: 2.85719 0 0 32.7155 0 61.5119
throughput: 2.24411 2.17387 4.77501
throughput of packet: 2.24411 2.17387 4.77501

25620
meandelay: 0.20037 3.37325 6.81307 -nan 8.07686 16.1562 0.20037 5.73779 11.0775 5.60859
coll prob: 0.615852 0 0 30.2702 0 57.095
avg attempts: 1.27374 inf 0 4.65013 -nan 13.0865
avg load: 2.86563 0 0 32.4701 0 61.8187
throughput: 2.24978 2.19982 4.72375
throughput of packet: 2.24978 2.19982 4.72375

25650
meandelay: 0.200958 3.35398 6.87841 -nan 8.07781 16.1576 0.200958 5.73324 11.1692 5.63431
coll prob: 0.620617 0 0 30.2592 0 57.6661
avg attempts: 1.27507 inf 0 4.63074 -nan 13.3256
avg load: 2.87684 0 0 32.4551 0 62.3437
throughput: 2.25622 2.19586 4.67762
throughput of packet: 2.25622 2.19586 4.67762

25680
meandelay: 0.201118 3.42137 7.04079 -nan 8.07711 16.1601 0.201118 5.81944 11.4441 5.75179
coll prob: 0.622365 0 0 30.7802 0 59.2431
avg attempts: 1.27547 inf 0 4.70575 -nan 14.1556
avg load: 2.88162 0 0 32.9283 0 63.7457
throughput: 2.25926 2.14809 4.50267
throughput of packet: 2.25926 2.14809 4.50267

25710
meandelay: 0.201127 3.50989 6.96135 4.24 8.08028 16.1682 0.201131 5.94083 11.402 5.77894
coll prob: 0.623461 0 0 31.5204 0 59.1456
avg attempts: 1.2754 inf 0 4.80582 -nan 14.0893
avg load: 2.8873 0 0 33.5983 0 63.6633
throughput: 2.26384 2.0779 4.51774
throughput of packet: 2.26384 2.0779 4.51774

25740
meandelay: 0.201833 3.5037 7.01995 -nan 8.07984 16.1586 0.201833 5.93971 11.4504 5.79438
coll prob: 0.625965 0 0 31.5276 0 59.3995
avg attempts: 1.2766 inf 0 4.80094 -nan 14.2163
avg load: 2.88899 0 0 33.6039 0 63.8931
throughput: 2.26302 2.07623 4.49364
throughput of packet: 2.26302 2.07623 4.49364

25770
meandelay: 0.201915 3.51669 6.98533 3.97333 8.07652 16.1592 0.201924 5.96356 11.4299 5.79449
coll prob: 0.627567 0 0 31.7089 0 59.3472
avg attempts: 1.27688 inf 0 4.81463 -nan 14.1841
avg load: 2.89412 0 0 33.7684 0 63.848
throughput: 2.26656 2.0595 4.50083
throughput of packet: 2.26656 2.0595 4.50083

25800
meandelay: 0.202682 3.52047 6.99317 4 8.07833 16.1599 0.202685 5.98708 11.4845 5.81843
coll prob: 0.632948 0 0 31.8904 0 59.7412
avg attempts: 1.27863 inf 0 4.81807 -nan 14.3992
avg load: 2.90451 0 0 33.9328 0 64.1992
throughput: 2.27156 2.04235 4.458
throughput of packet: 2.27156 2.04235 4.458

25830
meandelay: 0.202324 3.55814 7.12947 -nan 8.08175 16.1588 0.202324 6.05635 11.6851 5.90942
coll prob: 0.631169 0 0 32.2901 0 60.9334
avg attempts: 1.27791 inf 0 4.86001 -nan 15.0525
avg load: 2.90226 0 0 34.2838 0 65.2687
throughput: 2.2711 1.99367 4.33527
throughput of packet: 2.2711 1.99367 4.33527

25860
meandelay: 0.202739 3.57253 7.06183 -nan 8.07913 16.1517 0.202739 6.0759 11.6118 5.89228
coll prob: 0.633907 0 0 32.4964 0 60.5968
avg attempts: 1.27894 inf 0 4.87618 -nan 14.8537
avg load: 2.90643 0 0 34.481 0 64.9699
throughput: 2.27252 1.98459 4.37312
throughput of packet: 2.27252 1.98459 4.37312

25890
meandelay: 0.202235 3.6235 7.17185 4.8 8.08037 16.162 0.202239 6.15167 11.7837 5.97308
coll prob: 0.63188 0 0 32.967 0 61.5989
avg attempts: 1.27763 inf 0 4.93565 -nan 15.4253
avg load: 2.9078 0 0 34.9011 0 65.8684
throughput: 2.27592 1.93411 4.26947
throughput of packet: 2.27592 1.93411 4.26947

25920
meandelay: 0.203429 3.58619 7.04803 -nan 8.07941 16.1582 0.203429 6.12543 11.6612 5.9212
coll prob: 0.640241 0 0 32.8527 0 60.9961
avg attempts: 1.28057 inf 0 4.89324 -nan 15.0815
avg load: 2.92211 0 0 34.7977 0 65.327
throughput: 2.28187 1.94507 4.3309
throughput of packet: 2.28187 1.94507 4.3309

25950
meandelay: 0.202807 3.49639 7.03658 -nan 8.07784 16.1595 0.202807 6.02773 11.6826 5.89984
coll prob: 0.63532 0 0 32.2963 0 61.1806
avg attempts: 1.27881 inf 0 4.78989 -nan 15.1941
avg load: 2.91401 0 0 34.2975 0 65.49
throughput: 2.27869 2.00118 4.30948
throughput of packet: 2.27869 2.00118 4.30948

25980
meandelay: 0.202613 3.62596 7.20555 -nan 8.0806 16.1597 0.202613 6.20289 11.902 6.02999
coll prob: 0.63573 0 0 33.403 0 62.5132
avg attempts: 1.2785 inf 0 4.93727 -nan 15.9414
avg load: 2.91844 0 0 35.2941 0 66.6963
throughput: 2.28271 1.89117 4.18305
throughput of packet: 2.28271 1.89117 4.18305

26010
meandelay: 0.204683 3.63176 7.22546 3.68 8.07931 16.1637 0.204686 6.19001 11.9734 6.04812
coll prob: 0.648309 0 0 33.2787 0 62.9887
avg attempts: 1.28351 inf 0 4.94428 -nan 16.2552
avg load: 2.935 0 0 35.1818 0 67.1169
throughput: 2.28669 1.90312 4.12821
throughput of packet: 2.28669 1.90312 4.12821

26040
meandelay: 0.203186 3.58415 7.22544 -nan 8.08095 16.1524 0.203186 6.14859 11.9973 6.04136
coll prob: 0.641213 0 0 33.0967 0 63.2045
avg attempts: 1.28018 inf 0 4.89046 -nan 16.4082
avg load: 2.92974 0 0 35.0251 0 67.3058
throughput: 2.28852 1.92838 4.10132
throughput of packet: 2.28852 1.92838 4.10132

26070
meandelay: 0.203827 3.62187 7.25289 4.08 8.07826 16.157 0.203831 6.20124 12.0288 6.06671
coll prob: 0.64587 0 0 33.4429 0 63.3808
avg attempts: 1.28173 inf 0 4.93389 -nan 16.5067
avg load: 2.93839 0 0 35.3347 0 67.4675
throughput: 2.29251 1.89181 4.08671
throughput of packet: 2.29251 1.89181 4.08671

26100
meandelay: 0.204049 3.63773 7.26527 -nan 8.07766 16.1579 0.204049 6.21397 12.091 6.09339
coll prob: 0.646359 0 0 33.5258 0 63.8666
avg attempts: 1.28175 inf 0 4.95201 -nan 16.8125
avg load: 2.94048 0 0 35.4116 0 67.9049
throughput: 2.29412 1.88589 4.03829
throughput of packet: 2.29412 1.88589 4.03829

26130
meandelay: 0.204205 3.67569 7.2024 -nan 8.08126 16.1577 0.204205 6.27796 12.0659 6.10391
coll prob: 0.649106 0 0 33.9795 0 63.8137
avg attempts: 1.28224 inf 0 4.99452 -nan 16.7961
avg load: 2.94894 0 0 35.8235 0 67.8529
throughput: 2.29983 1.84405 4.03923
throughput of packet: 2.29983 1.84405 4.03923

26160
meandelay: 0.204091 3.67031 7.2768 3.4 8.07931 16.1638 0.204097 6.29104 12.1465 6.13723
coll prob: 0.648454 0 0 34.0892 0 64.2838
avg attempts: 1.28218 inf 0 4.98794 -nan 17.0754
avg load: 2.94643 0 0 35.9176 0 68.2821
throughput: 2.29797 1.82837 3.99824
throughput of packet: 2.29797 1.82837 3.99824

26190
meandelay: 0.204027 3.63372 7.28579 4.48 8.08042 16.1588 0.20403 6.24691 12.1596 6.12592
coll prob: 0.648452 0 0 33.8332 0 64.3878
avg attempts: 1.28195 inf 0 4.9469 -nan 17.1428
avg load: 2.94832 0 0 35.692 0 68.3758
throughput: 2.29987 1.85885 3.98799
throughput of packet: 2.29987 1.85885 3.98799

26220
meandelay: 0.204845 3.68703 7.27235 4.64 8.07953 16.1568 0.204849 6.33203 12.2052 6.16759
coll prob: 0.653974 0 0 34.4192 0 64.8186
avg attempts: 1.28351 inf 0 5.00864 -nan 17.4345
avg load: 2.96059 0 0 36.2168 0 68.7619
throughput: 2.30661 1.79769 3.94333
throughput of packet: 2.30661 1.79769 3.94333

26250
meandelay: 0.204829 3.68106 7.29417 -nan 8.07931 16.1532 0.204829 6.3483 12.2635 6.1926
coll prob: 0.655798 0 0 34.6207 0 65.2904
avg attempts: 1.28382 inf 0 4.99847 -nan 17.737
avg load: 2.96635 0 0 36.4045 0 69.1908
throughput: 2.31055 1.78376 3.90039
throughput of packet: 2.31055 1.78376 3.90039

26280
meandelay: 0.205846 3.69831 7.34046 -nan 8.07839 16.1634 0.205846 6.3804 12.3168 6.21973
coll prob: 0.661724 0 0 34.846 0 65.5545
avg attempts: 1.28621 inf 0 5.01872 -nan 17.9248
avg load: 2.97371 0 0 36.6045 0 69.4272
throughput: 2.31199 1.75846 3.87267
throughput of packet: 2.31199 1.75846 3.87267

26310
meandelay: 0.205437 3.6825 7.3448 -nan 8.07992 16.1581 0.205437 6.35403 12.3361 6.21924
coll prob: 0.659439 0 0 34.6392 0 65.7778
avg attempts: 1.28518 inf 0 5.00407 -nan 18.0509
avg load: 2.9718 0 0 36.4169 0 69.6348
throughput: 2.31236 1.77769 3.85698
throughput of packet: 2.31236 1.77769 3.85698

26340
meandelay: 0.205415 3.71258 7.30704 4.84 8.0793 16.1615 0.205422 6.41471 12.2823 6.21814
coll prob: 0.66037 0 0 35.1169 0 65.4172
avg attempts: 1.28518 inf 0 5.03769 -nan 17.7949
avg load: 2.97589 0 0 36.8491 0 69.3115
throughput: 2.31552 1.73227 3.8943
throughput of packet: 2.31552 1.73227 3.8943

26370
meandelay: 0.205447 3.70235 7.36977 3.12 8.0785 16.1628 0.20545 6.40732 12.4184 6.26523
coll prob: 0.660106 0 0 35.0983 0 66.4235
avg attempts: 1.28489 inf 0 5.02448 -nan 18.4905
avg load: 2.97712 0 0 36.8348 0 70.2208
throughput: 2.31702 1.73645 3.79729
throughput of packet: 2.31702 1.73645 3.79729

26400
meandelay: 0.206377 3.70838 7.33579 4 8.07737 16.1564 0.20638 6.42065 12.3824 6.2514
coll prob: 0.666474 0 0 35.2284 0 66.1652
avg attempts: 1.28701 inf 0 5.03225 -nan 18.3582
avg load: 2.98862 0 0 36.9548 0 69.9761
throughput: 2.32214 1.72645 3.81095
throughput of packet: 2.32214 1.72645 3.81095

26430
meandelay: 0.206234 3.70516 7.36344 -nan 8.0818 16.1578 0.206234 6.42342 12.4412 6.27332
coll prob: 0.667224 0 0 35.2483 0 66.7083
avg attempts: 1.28674 inf 0 5.02635 -nan 18.6652
avg load: 2.99416 0 0 36.9745 0 70.4839
throughput: 2.32693 1.72622 3.77561
throughput of packet: 2.32693 1.72622 3.77561

26460
meandelay: 0.206187 3.71316 7.35143 -nan 8.07844 16.1553 0.206187 6.43787 12.4368 6.27689
coll prob: 0.666952 0 0 35.3908 0 66.6458
avg attempts: 1.28681 inf 0 5.03586 -nan 18.6699
avg load: 2.99234 0 0 37.105 0 70.4169
throughput: 2.32539 1.71415 3.77114
throughput of packet: 2.32539 1.71415 3.77114

26490
meandelay: 0.206723 3.72323 7.40867 4.08 8.0777 16.1595 0.206726 6.45289 12.5478 6.31727
coll prob: 0.67113 0 0 35.4742 0 67.4313
avg attempts: 1.28785 inf 0 5.04942 -nan 19.2564
avg load: 3.00263 0 0 37.1755 0 71.1242
throughput: 2.3315 1.70128 3.69298
throughput of packet: 2.3315 1.70128 3.69298

26520
meandelay: 0.207272 3.72741 7.41259 4.08 8.07895 16.1608 0.207275 6.48753 12.594 6.34865
coll prob: 0.674913 0 0 35.7958 0 67.8458
avg attempts: 1.2895 inf 0 5.05351 -nan 19.556
avg load: 3.00616 0 0 37.4685 0 71.5015
throughput: 2.33125 1.67275 3.65569
throughput of packet: 2.33125 1.67275 3.65569

26550
meandelay: 0.207974 3.73972 7.40859 4.48 8.07877 16.1559 0.207977 6.50009 12.5715 6.34027
coll prob: 0.679748 0 0 35.8979 0 67.6796
avg attempts: 1.291 inf 0 5.06618 -nan 19.4295
avg load: 3.01564 0 0 37.5635 0 71.3513
throughput: 2.33589 1.66555 3.67167
throughput of packet: 2.33589 1.66555 3.67167

26580
meandelay: 0.206894 3.73481 7.41448 4.32 8.08244 16.153 0.206897 6.50395 12.5877 6.34558
coll prob: 0.674526 0 0 35.9436 0 67.8427
avg attempts: 1.28844 inf 0 5.06082 -nan 19.5412
avg load: 3.01302 0 0 37.6072 0 71.501
throughput: 2.3385 1.66361 3.65827
throughput of packet: 2.3385 1.66361 3.65827

26610
meandelay: 0.207693 3.74961 7.42527 -nan 8.08028 16.1605 0.207693 6.52583 12.6368 6.36957
coll prob: 0.679609 0 0 36.1243 0 68.1918
avg attempts: 1.29029 inf 0 5.07636 -nan 19.8252
avg load: 3.02074 0 0 37.771 0 71.8136
throughput: 2.34113 1.64668 3.62177
throughput of packet: 2.34113 1.64668 3.62177

26640
meandelay: 0.207864 3.75508 7.41895 -nan 8.0798 16.1598 0.207864 6.5432 12.6744 6.39482
coll prob: 0.678774 0 0 36.2998 0 68.6052
avg attempts: 1.29019 inf 0 5.08415 -nan 20.1114
avg load: 3.01786 0 0 37.9327 0 72.1945
throughput: 2.33909 1.63285 3.58921
throughput of packet: 2.33909 1.63285 3.58921

26670
meandelay: 0.208907 3.76088 7.42557 4.8 8.0791 16.1585 0.208911 6.54574 12.6624 6.38432
coll prob: 0.686752 0 0 36.2791 0 68.4741
avg attempts: 1.29277 inf 0 5.08958 -nan 20.0159
avg load: 3.03241 0 0 37.9094 0 72.0743
throughput: 2.34566 1.63027 3.60024
throughput of packet: 2.34566 1.63027 3.60024

26700
meandelay: 0.2083 3.7523 7.46694 4.05333 8.07909 16.1613 0.20831 6.55498 12.7476 6.42011
coll prob: 0.684424 0 0 36.4197 0 69.1462
avg attempts: 1.29172 inf 0 5.08037 -nan 20.5268
avg load: 3.03055 0 0 38.0404 0 72.6865
throughput: 2.34612 1.62072 3.54036
throughput of packet: 2.34612 1.62072 3.54036

26730
meandelay: 0.207987 3.75919 7.47106 4.4 8.07869 16.1636 0.207994 6.56868 12.7949 6.4426
coll prob: 0.682581 0 0 36.5542 0 69.6068
avg attempts: 1.29056 inf 0 5.08898 -nan 20.8662
avg load: 3.03173 0 0 38.1648 0 73.11
throughput: 2.34914 1.61055 3.50314
throughput of packet: 2.34914 1.61055 3.50314

26760
meandelay: 0.208642 3.76641 7.46621 -nan 8.07674 16.1605 0.208642 6.58061 12.7839 6.4389
coll prob: 0.687896 0 0 36.6697 0 69.5209
avg attempts: 1.29233 inf 0 5.09802 -nan 20.8067
avg load: 3.041 0 0 38.2703 0 73.0303
throughput: 2.3531 1.6006 3.50936
throughput of packet: 2.3531 1.6006 3.50936

26790
meandelay: 0.209508 3.76153 7.46872 3.64 8.08207 16.157 0.209514 6.5915 12.799 6.447
coll prob: 0.692735 0 0 36.7687 0 69.6177
avg attempts: 1.29434 inf 0 5.09251 -nan 20.9341
avg load: 3.04623 0 0 38.3618 0 73.1094
throughput: 2.35349 1.59307 3.49169
throughput of packet: 2.35349 1.59307 3.49169

26820
meandelay: 0.209308 3.77373 7.47517 -nan 8.0801 16.1603 0.209308 6.61276 12.8033 6.45506
coll prob: 0.692435 0 0 36.9291 0 69.6825
avg attempts: 1.29393 inf 0 5.10706 -nan 20.9359
avg load: 3.04823 0 0 38.5034 0 73.1772
throughput: 2.35579 1.57433 3.4947
throughput of packet: 2.35579 1.57433 3.4947

26850
meandelay: 0.2089 3.77704 7.49559 -nan 8.08091 16.1598 0.2089 6.61956 12.8658 6.47814
coll prob: 0.690933 0 0 36.9984 0 70.2059
avg attempts: 1.2928 inf 0 5.1101 -nan 21.3811
avg load: 3.05062 0 0 38.5686 0 73.65
throughput: 2.35969 1.57017 3.44403
throughput of packet: 2.35969 1.57017 3.44403

