3.3e-06-------------
900
meandelay: 0.0826254 0.170213 0.344852 -nan -nan -nan 0.0826254 0.170213 0.344852 0.198252
coll prob: 0.000503704 0 0 0.00186667 0 0.00439259
avg attempts: 1.00627 -nan -nan 1.01115 1 1.01399
avg load: 0.0808574 0 0 0.159926 0.000103704 0.318378
throughput: 0.0803537 0.158059 0.314089
throughput of packet: 0.0803537 0.158163 0.313985

3000
meandelay: 0.0900395 0.201265 0.404603 -nan -nan -nan 0.0900395 0.201265 0.404603 0.231637
coll prob: 0.00600741 0 0 0.0250889 0.000118519 0.0502963
avg attempts: 1.02279 -nan -nan 1.04271 1.04372 1.04801
avg load: 0.269559 0 0 0.549067 0.00282963 1.09781
throughput: 0.263552 0.523978 1.05023
throughput of packet: 0.263552 0.526689 1.04752

6000
meandelay: 0.101319 0.246176 0.501645 -nan -nan -nan 0.101319 0.246176 0.501645 0.283025
coll prob: 0.0255796 0 0 0.104363 0.00202963 0.217356
avg attempts: 1.04857 -nan -nan 1.08198 1.10877 1.10319
avg load: 0.552189 0 0 1.14965 0.0206889 2.32363
throughput: 0.526609 1.04529 2.12493
throughput of packet: 0.526609 1.06394 2.10627

9000
meandelay: 0.112588 0.299522 0.623352 -nan -nan -nan 0.112588 0.299522 0.623352 0.34498
coll prob: 0.0588667 0 0 0.250248 0.0116296 0.543526
avg attempts: 1.07437 -nan -nan 1.12036 1.18092 1.17209
avg load: 0.850402 0 0 1.79531 0.0759111 3.70183
throughput: 0.791535 1.54506 3.22259
throughput of packet: 0.791535 1.60934 3.1583

12000
meandelay: 0.125662 0.363889 0.775167 -nan -nan -nan 0.125662 0.363889 0.775167 0.420938
coll prob: 0.109531 0 0 0.474974 0.0424148 1.08544
avg attempts: 1.10366 -nan -nan 1.15658 1.2706 1.25824
avg load: 1.1661 0 0 2.5073 0.199156 5.28822
throughput: 1.05657 2.03233 4.35953
throughput of packet: 1.05657 2.18907 4.20279

15000
meandelay: 0.138905 0.443286 0.989307 -nan 15.48 15.4667 0.138905 0.443371 0.989369 0.523259
coll prob: 0.176478 0 0 0.783867 0.12257 1.99989
avg attempts: 1.13377 -nan 0 1.19119 1.39658 1.3805
avg load: 1.4957 0 0 3.26754 0.431511 7.25552
throughput: 1.31923 2.48367 5.56457
throughput of packet: 1.31923 2.79261 5.25563

18000
meandelay: 0.154272 0.548786 1.33143 -nan 13.7035 15.872 0.154272 0.549308 1.3322 0.678051
coll prob: 0.267031 0 0 1.18109 0.318956 3.62816
avg attempts: 1.16869 -nan 0 1.2219 1.59345 1.57429
avg load: 1.85002 0 0 4.08159 0.856378 9.94534
throughput: 1.58299 2.9005 6.8546
throughput of packet: 1.58299 3.43792 6.31718

21000
meandelay: 0.171099 0.719287 2.02238 -nan 13.811 15.9603 0.171099 0.72675 2.03972 0.976775
coll prob: 0.381846 0 0 1.67179 0.865667 7.18101
avg attempts: 1.20684 -nan 0 1.25163 2.01761 1.98039
avg load: 2.22794 0 0 4.93492 1.71627 14.5051
throughput: 1.84609 3.26313 8.17473
throughput of packet: 1.84609 4.11373 7.32413

24000
meandelay: 0.189778 0.746188 7.51717 -nan 13.9238 16.1584 0.189778 2.11409 13.0033 4.99892
coll prob: 0.526844 0 0 2.22524 8.17741 63.4782
avg attempts: 1.24958 -nan 0 1.51836 22.779 22.476
avg load: 2.63774 0 0 5.7933 8.55283 66.4335
throughput: 2.1109 3.56806 3.3307
throughput of packet: 2.1109 3.94348 2.95527

27000
meandelay: 0.210443 0.63326 7.96531 4.32 13.9262 16.1595 0.210446 2.76522 14.7933 5.79218
coll prob: 0.702909 0 0 2.87727 12.854 81.9573
avg attempts: 1.29617 -nan 0 1.69056 56.3105 55.3243
avg load: 3.07623 0 0 6.70654 13.0864 83.4657
throughput: 2.37332 3.82927 1.74077
throughput of packet: 2.37332 4.06163 1.50841

30000
meandelay: 0.234628 0.57414 8.09121 3.88 13.916 16.1598 0.234633 3.38256 15.507 6.23418
coll prob: 0.92832 0 0 3.64144 18.1091 95.8597
avg attempts: 1.35193 -nan 0 1.86228 119.874 119.022
avg load: 3.56613 0 0 7.68689 18.2614 96.6718
throughput: 2.63781 4.04545 0.964378
throughput of packet: 2.63781 4.19776 0.812067

33000
meandelay: 0.262036 0.540742 8.14204 3.83385 13.9192 16.1611 0.262066 3.97248 15.8399 6.54894
coll prob: 1.20123 0 0 4.4531 23.8266 107.852
avg attempts: 1.4139 -nan 0 2.03554 245.014 245.145
avg load: 4.10344 0 0 8.65828 23.9242 108.294
throughput: 2.90221 4.20517 0.539304
throughput of packet: 2.90221 4.3028 0.441674

36000
meandelay: 0.295721 0.519868 8.19854 3.80727 13.9216 16.1589 0.295812 4.59532 16.0038 6.82396
coll prob: 1.55151 0 0 5.3807 30.5773 119.063
avg attempts: 1.49022 -nan 0 2.23337 523.461 508.914
avg load: 4.71637 0 0 9.69515 30.6358 119.297
throughput: 3.16486 4.31445 0.292889
throughput of packet: 3.16486 4.37297 0.23437

39000
meandelay: 0.337163 0.514306 8.12384 3.97591 13.9206 16.1634 0.337509 5.17636 16.0858 7.05523
coll prob: 2.00863 0 0 6.35067 37.6916 129.524
avg attempts: 1.58538 -nan 0 2.43965 1047.61 1030.66
avg load: 5.43993 0 0 10.7358 37.7276 129.65
throughput: 3.4313 4.38513 0.161778
throughput of packet: 3.4313 4.42114 0.12577

42000
meandelay: 0.388972 0.512647 7.99436 3.97911 13.92 16.1616 0.389904 5.74925 16.1241 7.28026
coll prob: 2.59767 0 0 7.3664 45.3656 139.728
avg attempts: 1.70428 -nan 0 2.66676 2223.76 2173.54
avg load: 6.28591 0 0 11.7729 45.386 139.793
throughput: 3.68825 4.4065 0.0847111
throughput of packet: 3.68825 4.4269 0.0643037

45000
meandelay: 0.467299 0.517659 8.01342 4.01261 13.9232 16.1597 0.471408 6.31551 16.1418 7.50659
coll prob: 3.52312 0 0 8.46673 53.7566 150.097
avg attempts: 1.8921 -nan 0 2.92162 4631.53 4545.55
avg load: 7.47229 0 0 12.8656 53.7682 150.13
throughput: 3.94917 4.39882 0.0446296
throughput of packet: 3.94917 4.41043 0.0330222

48000
meandelay: 0.631901 0.521556 7.65168 4.03505 13.9168 16.161 0.693346 6.83433 16.1524 7.75967
coll prob: 5.94647 0 0 9.55413 62.2737 160.017
avg attempts: 2.43748 -nan 0 3.18863 9673.93 9854.26
avg load: 10.0832 0 0 13.9154 62.2801 160.034
throughput: 4.1367 4.36126 0.0226741
throughput of packet: 4.1367 4.36769 0.016237

