3.3e-06-------------
900
meandelay: 0.0829401 0.173355 0.343374 -nan -nan -nan 0.0829401 0.173355 0.343374 0.199936
coll prob: 0.00052963 0 0 0.00238519 0 0.00428889
avg attempts: 1.0067 -nan -nan 1.01508 -nan 1.01355
avg load: 0.0795389 0 0 0.160574 0 0.320696
throughput: 0.0790093 0.158189 0.316407
throughput of packet: 0.0790093 0.158189 0.316407

3000
meandelay: 0.0901844 0.201814 0.402433 -nan -nan -nan 0.0901844 0.201814 0.402433 0.231306
coll prob: 0.00614259 0 0 0.0249444 0 0.0494296
avg attempts: 1.02323 -nan -nan 1.04737 -nan 1.0469
avg load: 0.270598 0 0 0.551515 0 1.10327
throughput: 0.264456 0.52657 1.05384
throughput of packet: 0.264456 0.52657 1.05384

6000
meandelay: 0.101116 0.24997 0.502932 -nan -nan -nan 0.101116 0.24997 0.502932 0.284566
coll prob: 0.025163 0 0 0.107452 3.7037e-05 0.21897
avg attempts: 1.04774 -nan -nan 1.10153 1.17857 1.10398
avg load: 0.552272 0 0 1.16166 0.000244444 2.32434
throughput: 0.527109 1.05421 2.10558
throughput of packet: 0.527109 1.05442 2.10537

9000
meandelay: 0.112243 0.308526 0.611525 -nan -nan -nan 0.112243 0.308526 0.611525 0.343941
coll prob: 0.0581296 0 0 0.267704 0.000296296 0.524822
avg attempts: 1.07341 -nan -nan 1.16678 1.15625 1.16598
avg load: 0.850007 0 0 1.85004 0.00219259 3.68661
throughput: 0.791878 1.58234 3.16369
throughput of packet: 0.791878 1.58423 3.16179

12000
meandelay: 0.124701 0.379103 0.75081 -nan -nan -nan 0.124701 0.379103 0.75081 0.418436
coll prob: 0.106857 0 0 0.524993 0.00203704 1.03302
avg attempts: 1.1016 -nan -nan 1.24151 1.25229 1.24493
avg load: 1.15855 0 0 2.63181 0.0101111 5.25035
throughput: 1.05169 2.10681 4.2254
throughput of packet: 1.05169 2.11489 4.21733

15000
meandelay: 0.139071 0.465713 0.934967 -nan 7.84 17.12 0.139071 0.465724 0.935012 0.513015
coll prob: 0.176761 0 0 0.909493 0.0101778 1.83673
avg attempts: 1.13418 -nan 0 1.32682 1.38262 1.34921
avg load: 1.49405 0 0 3.52958 0.0367778 7.09607
throughput: 1.31729 2.62009 5.28595
throughput of packet: 1.31729 2.64669 5.25935

18000
meandelay: 0.154277 0.581244 1.18543 -nan 11.3818 16.4907 0.154277 0.581523 1.1857 0.639874
coll prob: 0.267513 0 0 1.4874 0.0385852 3.10326
avg attempts: 1.16891 -nan 0 1.42829 1.51179 1.49167
avg load: 1.85129 0 0 4.60824 0.113978 9.41454
throughput: 1.58378 3.12083 6.38667
throughput of packet: 1.58378 3.19623 6.31128

21000
meandelay: 0.170614 0.736649 1.60547 -nan 11.8865 16.1104 0.170614 0.738576 1.60878 0.837476
coll prob: 0.380748 0 0 2.31967 0.139993 5.37272
avg attempts: 1.20579 -nan 0 1.54111 1.74461 1.73172
avg load: 2.2309 0 0 5.91155 0.328 12.7149
throughput: 1.85015 3.59189 7.53022
throughput of packet: 1.85015 3.77989 7.34221

24000
meandelay: 0.190064 0.965223 3.74146 -nan 12.1529 16.1586 0.190064 1.07827 4.96675 2.06288
coll prob: 0.527467 0 0 3.55475 1.00515 22.747
avg attempts: 1.24991 -nan 0 1.71467 3.87521 4.03903
avg load: 2.63804 0 0 7.55033 1.35471 30.2295
throughput: 2.11057 3.99557 7.83207
throughput of packet: 2.11057 4.34514 7.4825

27000
meandelay: 0.210676 0.977241 7.76111 3.32 12.1512 16.1587 0.210681 1.8673 13.9765 5.23143
coll prob: 0.705441 0 0 5.23154 4.85327 77.2806
avg attempts: 1.29691 -nan 0 2.15679 35.0684 33.711
avg load: 3.08129 0 0 9.50691 4.9957 79.6427
throughput: 2.37585 4.27536 2.50452
throughput of packet: 2.37585 4.41779 2.36209

30000
meandelay: 0.235241 1.08136 8.0301 3.84 12.1566 16.157 0.235251 2.75708 15.1606 5.90514
coll prob: 0.932159 0 0 7.53605 9.7999 93.4604
avg attempts: 1.35266 -nan 0 2.66465 80.8333 76.9393
avg load: 3.57539 0 0 11.915 9.92264 94.6909
throughput: 2.64324 4.3789 1.35324
throughput of packet: 2.64324 4.50164 1.2305

33000
meandelay: 0.262309 1.16453 8.119 3.94857 12.1559 16.1623 0.262342 3.82498 15.715 6.45539
coll prob: 1.20406 0 0 10.303 16.8785 106.884
avg attempts: 1.41451 -nan 0 3.35348 185.772 175.258
avg load: 4.10877 0 0 14.6027 16.9698 107.498
throughput: 2.90471 4.29969 0.7046
throughput of packet: 2.90471 4.39103 0.613259

36000
meandelay: 0.296087 1.22982 8.13964 4.00727 12.1652 16.1558 0.296207 4.98245 15.9589 6.94007
coll prob: 1.55511 0 0 13.3802 25.7995 118.628
avg attempts: 1.4916 -nan 0 4.26513 416.319 402.512
avg load: 4.71837 0 0 17.4393 25.8616 118.923
throughput: 3.16325 4.05909 0.357504
throughput of packet: 3.16325 4.1212 0.295393

39000
meandelay: 0.337937 1.2787 8.12526 4.06234 12.1584 16.159 0.338247 6.09917 16.0744 7.3616
coll prob: 2.01531 0 0 16.6129 35.8746 129.475
avg attempts: 1.58698 -nan 0 5.43363 971.845 945.189
avg load: 5.44862 0 0 20.3426 35.9116 129.612
throughput: 3.43331 3.72966 0.174052
throughput of packet: 3.43331 3.76661 0.137104

42000
meandelay: 0.389663 1.31675 8.1274 4.03337 12.1564 16.1602 0.390668 7.08828 16.1242 7.73484
coll prob: 2.60345 0 0 19.7633 46.1608 139.88
avg attempts: 1.70642 -nan 0 6.86174 2373.81 2228.78
avg load: 6.28871 0 0 23.1275 46.1803 139.943
throughput: 3.68526 3.36417 0.0822296
throughput of packet: 3.68526 3.38362 0.0627778

45000
meandelay: 0.465093 1.35168 7.77412 4.00533 12.1591 16.1615 0.468605 7.96926 16.1453 8.05893
coll prob: 3.49531 0 0 22.9461 56.7699 149.953
avg attempts: 1.88532 -nan 0 8.67036 5196.46 5177.44
avg load: 7.44328 0 0 25.9342 56.7809 149.982
throughput: 3.94797 2.98812 0.0398889
throughput of packet: 3.94797 2.99905 0.028963

48000
meandelay: 0.654116 1.37443 7.73847 4.03598 12.1594 16.1592 0.74151 8.66706 16.1518 8.38922
coll prob: 6.45 0 0 25.8474 66.5899 160.303
avg attempts: 2.56968 -nan 0 10.7335 12180.9 11329.1
avg load: 10.5591 0 0 28.5012 66.5953 160.317
throughput: 4.10907 2.65385 0.0196148
throughput of packet: 4.10907 2.65931 0.0141481

