3.3e-06-------------
900
meandelay: 0.0831266 0.172382 0.347089 -nan -nan -nan 0.0831266 0.172382 0.347089 0.200925
coll prob: 0.000559259 0 0 0.00214815 0 0.00477037
avg attempts: 1.00709 -nan -nan 1.01363 -nan 1.01511
avg load: 0.0794056 0 0 0.1597 0 0.320481
throughput: 0.0788463 0.157552 0.315711
throughput of packet: 0.0788463 0.157552 0.315711

3000
meandelay: 0.0901554 0.202387 0.401937 -nan -nan -nan 0.0901554 0.202387 0.401937 0.231443
coll prob: 0.00607407 0 0 0.0253296 0 0.049363
avg attempts: 1.023 -nan -nan 1.04782 -nan 1.04675
avg load: 0.270191 0 0 0.554963 0 1.10536
throughput: 0.264117 0.529633 1.056
throughput of packet: 0.264117 0.529633 1.056

6000
meandelay: 0.101117 0.250812 0.500828 -nan -nan -nan 0.101117 0.250812 0.500828 0.283903
coll prob: 0.0253833 0 0 0.108848 0 0.217348
avg attempts: 1.04796 -nan -nan 1.10316 -nan 1.1032
avg load: 0.554687 0 0 1.1639 0 2.32326
throughput: 0.529304 1.05506 2.10591
throughput of packet: 0.529304 1.05506 2.10591

9000
meandelay: 0.112326 0.308454 0.61332 -nan -nan 13.44 0.112326 0.308454 0.61335 0.344694
coll prob: 0.058037 0 0 0.267981 4.44444e-05 0.529956
avg attempts: 1.07332 -nan 0 1.16884 2 1.16736
avg load: 0.849559 0 0 1.85434 8.88889e-05 3.69636
throughput: 0.791522 1.58636 3.16645
throughput of packet: 0.791522 1.5864 3.16641

12000
meandelay: 0.125331 0.37854 0.754612 -nan 8.32 -nan 0.125331 0.378554 0.754612 0.419105
coll prob: 0.108731 0 0 0.524444 5.92593e-05 1.04059
avg attempts: 1.10273 -nan -nan 1.2479 1.15094 1.24676
avg load: 1.16701 0 0 2.63516 0.000451852 5.25742
throughput: 1.05828 2.11072 4.21722
throughput of packet: 1.05828 2.11111 4.21683

15000
meandelay: 0.139019 0.466963 0.932408 -nan 11.04 -nan 0.139019 0.466993 0.932408 0.512488
coll prob: 0.17678 0 0 0.920604 0.000622222 1.83104
avg attempts: 1.1341 -nan -nan 1.34685 1.33466 1.34798
avg load: 1.49502 0 0 3.55868 0.00248148 7.09256
throughput: 1.31824 2.63807 5.26338
throughput of packet: 1.31824 2.63993 5.26152

18000
meandelay: 0.154717 0.584107 1.16551 -nan 10.88 16.528 0.154717 0.584251 1.16587 0.633489
coll prob: 0.269093 0 0 1.52184 0.00482963 3.0197
avg attempts: 1.16973 -nan 0 1.47289 1.5 1.48023
avg load: 1.85451 0 0 4.67866 0.0144889 9.30751
throughput: 1.58542 3.15682 6.29747
throughput of packet: 1.58542 3.16648 6.28781

21000
meandelay: 0.170742 0.765881 1.53542 -nan 10.4552 16.1121 0.170742 0.767798 1.53802 0.82449
coll prob: 0.380859 0 0 2.52876 0.0288889 5.08874
avg attempts: 1.20626 -nan 0 1.6572 1.72816 1.69214
avg load: 2.22732 0 0 6.1954 0.068563 12.4404
throughput: 1.84646 3.66664 7.39131
throughput of packet: 1.84646 3.70631 7.35164

24000
meandelay: 0.189869 1.07938 2.46812 -nan 10.4251 16.1168 0.189869 1.10178 2.53585 1.27257
coll prob: 0.526737 0 0 4.3511 0.212815 10.5847
avg attempts: 1.24962 -nan 0 1.93814 2.32835 2.27019
avg load: 2.63688 0 0 8.47662 0.373007 18.9171
throughput: 2.11014 4.12552 8.49258
throughput of packet: 2.11014 4.28571 8.33239

27000
meandelay: 0.210675 1.38641 7.65883 4.08 10.401 16.1579 0.210681 2.02743 13.5989 5.16142
coll prob: 0.704981 0 0 7.99796 2.82579 74.8769
avg attempts: 1.29689 -nan 0 2.77775 30.3552 28.3862
avg load: 3.0795 0 0 12.3338 2.92204 77.6105
throughput: 2.37452 4.33583 2.82991
throughput of packet: 2.37452 4.43209 2.73366

30000
meandelay: 0.234507 1.82218 8.00385 4.25333 10.3965 16.1642 0.234523 3.87563 15.1698 6.29417
coll prob: 0.926796 0 0 14.8048 10.1592 93.5643
avg attempts: 1.35124 -nan 0 4.70181 84.4323 77.4258
avg load: 3.56545 0 0 18.7049 10.2809 94.7884
throughput: 2.63865 3.90004 1.34581
throughput of packet: 2.63865 4.0218 1.22406

33000
meandelay: 0.262593 2.08689 8.1258 4.08889 10.4025 16.1594 0.262637 5.8244 15.7828 7.15759
coll prob: 1.20376 0 0 22.1068 20.6285 107.533
avg attempts: 1.41487 -nan 0 8.06252 220.959 208.779
avg load: 4.10523 0 0 25.1967 20.7222 108.05
throughput: 2.90147 3.0899 0.611222
throughput of packet: 2.90147 3.18368 0.517444

36000
meandelay: 0.295925 2.19253 8.12407 4.0336 10.3996 16.1594 0.296034 7.13185 15.995 7.67339
coll prob: 1.55503 0 0 27.9303 29.8493 118.965
avg attempts: 1.49119 -nan 0 12.4111 514.035 484.211
avg load: 4.72089 0 0 30.3623 29.9075 119.211
throughput: 3.16586 2.43196 0.304326
throughput of packet: 3.16586 2.49014 0.246148

39000
meandelay: 0.336157 2.25685 8.09216 4.02847 10.4013 16.1604 0.336482 8.06572 16.084 8.02862
coll prob: 1.99848 0 0 33.1214 38.1859 129.7
avg attempts: 1.58284 -nan 0 18.3832 1099.4 1052.43
avg load: 5.4273 0 0 35.0205 38.2207 129.824
throughput: 3.42882 1.89905 0.158096
throughput of packet: 3.42882 1.93381 0.123333

42000
meandelay: 0.387969 2.28856 8.02392 3.95851 10.3994 16.1606 0.388979 8.69323 16.1228 8.27029
coll prob: 2.59082 0 0 37.6905 45.4391 139.904
avg attempts: 1.70304 -nan 0 26.0503 2252.83 2149.06
avg load: 6.27597 0 0 39.1925 45.4593 139.969
throughput: 3.68514 1.50196 0.0852963
throughput of packet: 3.68514 1.52214 0.0651185

45000
meandelay: 0.46633 2.31284 8.00434 4.00028 10.4002 16.1616 0.470057 9.13863 16.143 8.45372
coll prob: 3.50837 0 0 41.8783 51.9574 150.282
avg attempts: 1.88856 -nan 0 36.0341 4561.36 4370.74
avg load: 7.45666 0 0 43.0725 51.9688 150.316
throughput: 3.94829 1.19419 0.0457778
throughput of packet: 3.94829 1.20558 0.0343852

48000
meandelay: 0.630887 2.32102 7.55013 4.03751 10.3999 16.1601 0.69011 9.45077 16.1498 8.6373
coll prob: 5.90954 0 0 45.7412 57.85 160.309
avg attempts: 2.42858 -nan 0 48.6628 8765.7 8316.83
avg load: 10.0461 0 0 46.7003 57.8566 160.329
throughput: 4.13658 0.959115 0.0258741
throughput of packet: 4.13658 0.965715 0.0192741

