3.3e-06-------------
900
meandelay: 0.0825666 0.17209 0.343154 -nan -nan -nan 0.0825666 0.17209 0.343154 0.198767
coll prob: 0.000477778 0 0 0.00215926 0 0.00414815
avg attempts: 1.00602 -nan -nan 1.01364 -nan 1.0132
avg load: 0.0799037 0 0 0.160478 0 0.318333
throughput: 0.0794259 0.158319 0.314185
throughput of packet: 0.0794259 0.158319 0.314185

3000
meandelay: 0.0898703 0.202364 0.404017 -nan -nan -nan 0.0898703 0.202364 0.404017 0.232024
coll prob: 0.00593519 0 0 0.0253667 0 0.0509037
avg attempts: 1.02249 -nan -nan 1.048 -nan 1.04824
avg load: 0.269861 0 0 0.553856 0 1.10573
throughput: 0.263926 0.528489 1.05483
throughput of packet: 0.263926 0.528489 1.05483

6000
meandelay: 0.100658 0.250484 0.496463 -nan -nan -nan 0.100658 0.250484 0.496463 0.282424
coll prob: 0.0249278 0 0 0.108041 0 0.211222
avg attempts: 1.04725 -nan -nan 1.10278 -nan 1.10029
avg load: 0.552535 0 0 1.15919 0 2.31714
throughput: 0.527607 1.05114 2.10592
throughput of packet: 0.527607 1.05114 2.10592

9000
meandelay: 0.113172 0.306908 0.614274 -nan -nan -nan 0.113172 0.306908 0.614274 0.345009
coll prob: 0.0596389 0 0 0.263774 0 0.530215
avg attempts: 1.07548 -nan -nan 1.16681 -nan 1.1673
avg load: 0.849776 0 0 1.84506 0 3.69894
throughput: 0.790137 1.58129 3.16873
throughput of packet: 0.790137 1.58129 3.16873

12000
meandelay: 0.125487 0.376832 0.754662 -nan 8.64 -nan 0.125487 0.376847 0.754662 0.418842
coll prob: 0.109041 0 0 0.517889 1.48148e-05 1.04061
avg attempts: 1.10324 -nan -nan 1.24619 3 1.24675
avg load: 1.16524 0 0 2.6214 2.22222e-05 5.25727
throughput: 1.05619 2.10351 4.21667
throughput of packet: 1.05619 2.10352 4.21666

15000
meandelay: 0.139022 0.467483 0.930573 -nan -nan 16.64 0.139022 0.467483 0.930595 0.511803
coll prob: 0.176989 0 0 0.922122 1.48148e-05 1.82549
avg attempts: 1.1342 -nan 0 1.34963 1.10526 1.34743
avg load: 1.49584 0 0 3.55787 0.000155556 7.07919
throughput: 1.31886 2.63575 5.25384
throughput of packet: 1.31886 2.63589 5.2537

18000
meandelay: 0.154109 0.591036 1.16461 -nan 8.904 15.296 0.154109 0.59123 1.16478 0.636111
coll prob: 0.266935 0 0 1.55296 0.0006 3.03203
avg attempts: 1.16838 -nan 0 1.4891 1.4939 1.47979
avg load: 1.85227 0 0 4.7181 0.00181481 9.35107
throughput: 1.58533 3.16514 6.32025
throughput of packet: 1.58533 3.16636 6.31904

21000
meandelay: 0.170781 0.77013 1.51406 -nan 8.6702 16.2147 0.170781 0.771686 1.5164 0.818793
coll prob: 0.381107 0 0 2.56021 0.00503704 5.00335
avg attempts: 1.20639 -nan 0 1.68765 1.70248 1.68
avg load: 2.22761 0 0 6.24157 0.0122074 12.3609
throughput: 1.84651 3.68136 7.3647
throughput of packet: 1.84651 3.68853 7.35753

24000
meandelay: 0.190524 1.14013 2.27639 3.6 8.63781 16.18 0.190527 1.16188 2.319 1.22018
coll prob: 0.530889 0 0 4.75747 0.0678741 9.53196
avg attempts: 1.25121 -nan 0 2.08715 2.16935 2.14264
avg load: 2.64421 0 0 8.91987 0.125919 17.8737
throughput: 2.11332 4.1624 8.39976
throughput of packet: 2.11332 4.22044 8.34171

27000
meandelay: 0.210746 2.33636 7.71468 4.42 8.63726 16.1566 0.210759 3.77826 13.8309 5.83311
coll prob: 0.705065 0 0 17.5344 4.3667 76.3537
avg attempts: 1.29729 -nan 0 5.77842 35.2139 31.4991
avg load: 3.07672 0 0 21.0969 4.49433 78.8567
throughput: 2.37165 3.56255 2.6306
throughput of packet: 2.37165 3.69018 2.50297

30000
meandelay: 0.235188 3.04382 8.02108 3.92 8.64101 16.1612 0.235193 6.27224 15.2707 7.13537
coll prob: 0.930589 0 0 30.9802 11.9916 94.3453
avg attempts: 1.35259 -nan 0 15.3576 90.3637 86.781
avg load: 3.56988 0 0 33.1003 12.1258 95.445
throughput: 2.63929 2.12011 1.23382
throughput of packet: 2.63929 2.2543 1.09964

33000
meandelay: 0.261989 3.21038 8.12844 3.88267 8.63772 16.1598 0.262024 7.22184 15.7194 7.60425
coll prob: 1.19999 0 0 38.6502 16.8212 107.018
avg attempts: 1.41351 -nan 0 27.7055 179.593 177.811
avg load: 4.10187 0 0 40.0832 16.9153 107.623
throughput: 2.90189 1.43299 0.699341
throughput of packet: 2.90189 1.52717 0.605156

36000
meandelay: 0.296721 3.261 8.12155 3.98118 8.64013 16.1628 0.296831 7.72349 15.9202 7.84714
coll prob: 1.55848 0 0 44.6689 20.5202 118.269
avg attempts: 1.49252 -nan 0 44.4956 332.044 326.874
avg load: 4.72273 0 0 45.69 20.5822 118.631
throughput: 3.16425 1.02115 0.424852
throughput of packet: 3.16425 1.08314 0.362867

39000
meandelay: 0.336438 3.2889 8.16733 4.01694 8.63877 16.1601 0.336776 8.02705 16.0228 7.99572
coll prob: 2.00141 0 0 50.0477 23.6893 129.097
avg attempts: 1.58387 -nan 0 68.0778 584.149 577.591
avg load: 5.42924 0 0 50.7914 23.7299 129.321
throughput: 3.42783 0.743615 0.264481
throughput of packet: 3.42783 0.784237 0.223859

42000
meandelay: 0.389648 3.2903 8.15568 4.01614 8.64078 16.159 0.390658 8.2273 16.0798 8.10352
coll prob: 2.6047 0 0 55.1013 26.5753 139.658
avg attempts: 1.7065 -nan 0 102.267 1013.02 1006.78
avg load: 6.29137 0 0 55.6443 26.6016 139.796
throughput: 3.68667 0.543015 0.165089
throughput of packet: 3.68667 0.569274 0.13883

45000
meandelay: 0.466932 3.30001 8.03208 4.02536 8.64019 16.1589 0.471157 8.35749 16.1116 8.18418
coll prob: 3.51789 0 0 59.8391 29.1999 149.898
avg attempts: 1.89162 -nan 0 150.519 1779.04 1714.03
avg load: 7.46334 0 0 60.2388 29.2164 149.985
throughput: 3.94545 0.399719 0.103911
throughput of packet: 3.94545 0.416141 0.0874889

48000
meandelay: 0.633815 3.28828 7.97221 4.03121 8.6399 16.159 0.689066 8.44245 16.1305 8.29438
coll prob: 5.89413 0 0 64.3798 31.6544 160.007
avg attempts: 2.42354 -nan 0 216.942 3042.47 2868.36
avg load: 10.0346 0 0 64.6777 31.6648 160.063
throughput: 4.14043 0.297907 0.0662
throughput of packet: 4.14043 0.308315 0.0557926

