3.3e-06-------------
25200
meandelay: 0.196926 1.73788 6.39557 3.52 7.75142 16.1548 0.196929 2.16015 10.3019 4.15834
coll prob: 0.587274 0 0 10.1341 0.618674 52.0556
avg attempts: 1.26554 -nan 0 3.42781 11.7464 11.1264
avg load: 2.79883 0 0 14.2012 0.676244 57.1952
throughput: 2.21156 4.06717 5.1972
throughput of packet: 2.21156 4.12474 5.13963

25230
meandelay: 0.197887 1.75435 6.40925 4.16 7.76269 16.1572 0.19789 2.19336 10.3361 4.1767
coll prob: 0.59447 0 0 10.3052 0.643985 52.2624
avg attempts: 1.26781 -nan 0 3.47839 12.5748 11.2063
avg load: 2.81417 0 0 14.3621 0.699622 57.382
throughput: 2.2197 4.05696 5.17533
throughput of packet: 2.2197 4.1126 5.11969

25260
meandelay: 0.198556 1.81301 6.42809 -nan 7.75624 16.1569 0.198556 2.31655 10.5143 4.27701
coll prob: 0.598704 0 0 10.9686 0.748407 53.3486
avg attempts: 1.26955 -nan 0 3.6648 13.1817 11.7111
avg load: 2.81971 0 0 14.9804 0.809844 58.3281
throughput: 2.221 4.0118 5.04101
throughput of packet: 2.221 4.07323 4.97958

25290
meandelay: 0.198659 1.78257 6.78003 4.48 7.74897 16.1612 0.198662 2.26102 11.0357 4.43072
coll prob: 0.59953 0 0 10.6832 0.708319 56.2987
avg attempts: 1.26945 -nan 0 3.58828 14.5137 12.9739
avg load: 2.82449 0 0 14.7193 0.760733 60.9996
throughput: 2.22496 4.03612 4.75339
throughput of packet: 2.22496 4.08854 4.70097

25320
meandelay: 0.198179 1.79861 6.68031 -nan 7.75064 16.1536 0.198179 2.31346 10.9387 4.41618
coll prob: 0.59737 0 0 10.9584 0.764119 55.781
avg attempts: 1.26854 -nan 0 3.6724 14.756 12.7778
avg load: 2.82185 0 0 14.9655 0.819667 60.5162
throughput: 2.22448 4.00702 4.79075
throughput of packet: 2.22448 4.06257 4.7352

25350
meandelay: 0.198952 1.89068 6.83324 3.68 7.7502 16.1576 0.198955 2.48184 11.1894 4.55005
coll prob: 0.6025 0 0 11.8647 0.893881 57.1687
avg attempts: 1.27025 -nan 0 3.93322 15.9664 13.4681
avg load: 2.83185 0 0 15.818 0.953607 61.7531
throughput: 2.22935 3.95323 4.6441
throughput of packet: 2.22935 4.01296 4.58438

25380
meandelay: 0.198282 1.85711 6.9929 -nan 7.75605 16.1555 0.198282 2.43847 11.3784 4.59492
coll prob: 0.599456 0 0 11.6429 0.873207 58.1502
avg attempts: 1.26888 -nan 0 3.87103 16.2797 13.972
avg load: 2.82888 0 0 15.6078 0.930356 62.6321
throughput: 2.22943 3.96492 4.53911
throughput of packet: 2.22943 4.02207 4.48196

25410
meandelay: 0.199478 1.89314 6.99417 -nan 7.75742 16.1567 0.199478 2.50389 11.4235 4.63198
coll prob: 0.606831 0 0 11.9889 0.923756 58.5113
avg attempts: 1.27161 -nan 0 3.97157 16.2528 14.1498
avg load: 2.84103 0 0 15.9316 0.984319 62.96
throughput: 2.2342 3.94273 4.5093
throughput of packet: 2.2342 4.0033 4.44874

25440
meandelay: 0.199576 1.89722 7.01967 3.6 7.75866 16.1607 0.199579 2.50075 11.5303 4.66623
coll prob: 0.606917 0 0 11.9843 0.914326 59.1777
avg attempts: 1.27138 -nan 0 3.96522 16.833 14.5464
avg load: 2.84329 0 0 15.9382 0.972074 63.5456
throughput: 2.23638 3.95392 4.42559
throughput of packet: 2.23638 4.01167 4.36784

25470
meandelay: 0.199292 1.95359 7.06463 -nan 7.75459 16.1527 0.199292 2.62848 11.6393 4.74177
coll prob: 0.608054 0 0 12.6512 1.03301 59.8875
avg attempts: 1.27096 -nan 0 4.17857 17.6276 14.9671
avg load: 2.85207 0 0 16.5432 1.09513 64.1743
throughput: 2.24402 3.89201 4.34889
throughput of packet: 2.24402 3.95413 4.28676

25500
meandelay: 0.199679 2.01119 7.11799 -nan 7.75463 16.1609 0.199679 2.7616 11.7508 4.82194
coll prob: 0.609719 0 0 13.3883 1.16327 60.4895
avg attempts: 1.27185 -nan 0 4.40955 17.8517 15.3663
avg load: 2.85252 0 0 17.2238 1.2323 64.6994
throughput: 2.24281 3.83554 4.27887
throughput of packet: 2.24281 3.90457 4.20984

25530
meandelay: 0.19888 1.99646 7.01548 -nan 7.75811 16.1541 0.19888 2.7243 11.6799 4.79021
coll prob: 0.605996 0 0 13.1865 1.12464 60.2624
avg attempts: 1.27017 -nan 0 4.34147 17.7578 15.2296
avg load: 2.84901 0 0 17.042 1.19175 64.4966
throughput: 2.24301 3.85545 4.30132
throughput of packet: 2.24301 3.92256 4.23421

25560
meandelay: 0.200326 2.01914 7.1726 -nan 7.75589 16.1584 0.200326 2.774 11.878 4.868
coll prob: 0.614054 0 0 13.4609 1.17267 61.3295
avg attempts: 1.27325 -nan 0 4.43082 18.7101 15.8859
avg load: 2.86125 0 0 17.2974 1.23889 65.4487
throughput: 2.2472 3.83657 4.18536
throughput of packet: 2.2472 3.90278 4.11914

25590
meandelay: 0.200181 2.08272 7.23378 3.76 7.75333 16.1539 0.200184 2.89517 11.9947 4.94734
coll prob: 0.614309 0 0 14.1083 1.27743 62.0696
avg attempts: 1.27306 -nan 0 4.6439 18.9995 16.3724
avg load: 2.86404 0 0 17.8921 1.3484 66.1066
throughput: 2.24974 3.7838 4.10801
throughput of packet: 2.24974 3.85477 4.03704

25620
meandelay: 0.201068 2.07811 7.15716 -nan 7.75673 16.1571 0.201068 2.93081 11.9866 4.95847
coll prob: 0.620735 0 0 14.3119 1.34018 62.216
avg attempts: 1.27523 -nan 0 4.72323 19.4334 16.4628
avg load: 2.87604 0 0 18.0679 1.41288 66.239
throughput: 2.25531 3.75603 4.09566
throughput of packet: 2.25531 3.82874 4.02296

25650
meandelay: 0.200594 2.16455 7.28697 4 7.75564 16.1529 0.200597 3.08075 12.1885 5.0765
coll prob: 0.618133 0 0 15.1104 1.46437 63.3952
avg attempts: 1.27439 -nan 0 4.99244 19.8888 17.3204
avg load: 2.87089 0 0 18.8076 1.5419 67.2789
throughput: 2.25275 3.6972 3.96121
throughput of packet: 2.25275 3.77473 3.88369

25680
meandelay: 0.200817 2.17966 7.27084 3.96 7.75558 16.1617 0.200823 3.11192 12.1939 5.08266
coll prob: 0.620557 0 0 15.2941 1.49583 63.3989
avg attempts: 1.27464 -nan 0 5.05316 20.2633 17.356
avg load: 2.88006 0 0 18.9807 1.57348 67.2743
throughput: 2.2595 3.68656 3.95306
throughput of packet: 2.2595 3.76421 3.87541

25710
meandelay: 0.201781 2.17768 7.27565 3.76 7.75379 16.1567 0.201784 3.12065 12.2178 5.09394
coll prob: 0.625583 0 0 15.3472 1.51318 63.5806
avg attempts: 1.27673 -nan 0 5.07634 20.4793 17.4966
avg load: 2.8862 0 0 19.0258 1.59086 67.434
throughput: 2.26062 3.67853 3.93107
throughput of packet: 2.26062 3.75621 3.85339

25740
meandelay: 0.201424 2.24546 7.25215 -nan 7.75756 16.1605 0.201424 3.24136 12.2504 5.14336
coll prob: 0.625296 0 0 15.9869 1.61761 63.8144
avg attempts: 1.27616 -nan 0 5.30506 20.3032 17.7211
avg load: 2.88949 0 0 19.6128 1.70141 67.6303
throughput: 2.2642 3.62587 3.89968
throughput of packet: 2.2642 3.70967 3.81588

25770
meandelay: 0.202301 2.25649 7.33581 4.16 7.7591 16.1583 0.202304 3.2548 12.3749 5.19108
coll prob: 0.629043 0 0 16.069 1.62553 64.652
avg attempts: 1.27758 -nan 0 5.32854 20.6373 18.3062
avg load: 2.89522 0 0 19.6947 1.70831 68.3871
throughput: 2.26618 3.62576 3.81784
throughput of packet: 2.26618 3.70853 3.73506

25800
meandelay: 0.201948 2.2577 7.34384 3.6 7.75572 16.1588 0.201951 3.31843 12.4326 5.22837
coll prob: 0.629567 0 0 16.4557 1.73284 65.0795
avg attempts: 1.27711 -nan 0 5.4872 21.591 18.6486
avg load: 2.90148 0 0 20.0381 1.817 68.7663
throughput: 2.27191 3.58238 3.77096
throughput of packet: 2.27191 3.66653 3.6868

25830
meandelay: 0.202235 2.32403 7.37706 -nan 7.75339 16.16 0.202235 3.41148 12.517 5.28802
coll prob: 0.631565 0 0 16.9355 1.79884 65.6111
avg attempts: 1.2778 -nan 0 5.66313 21.7345 19.1172
avg load: 2.90497 0 0 20.4832 1.88559 69.2318
throughput: 2.2734 3.54779 3.70745
throughput of packet: 2.2734 3.63454 3.6207

25860
meandelay: 0.201578 2.4218 7.38121 4.8 7.76086 16.158 0.201582 3.63685 12.5969 5.39105
coll prob: 0.627317 0 0 18.1804 2.04995 66.1184
avg attempts: 1.27634 -nan 0 6.17148 21.9765 19.6588
avg load: 2.89736 0 0 21.6104 2.14767 69.6614
throughput: 2.27004 3.43003 3.64072
throughput of packet: 2.27004 3.52775 3.54299

25890
meandelay: 0.202799 2.43851 7.39851 -nan 7.76016 16.1563 0.202799 3.67004 12.6352 5.4122
coll prob: 0.635133 0 0 18.3478 2.08339 66.4024
avg attempts: 1.27894 -nan 0 6.25026 22.4112 19.8931
avg load: 2.91203 0 0 21.7588 2.18069 69.9163
throughput: 2.2769 3.41099 3.61129
throughput of packet: 2.2769 3.50829 3.51399

25920
meandelay: 0.202928 2.37635 7.39245 4.72 7.7559 16.1577 0.202932 3.55343 12.5992 5.36232
coll prob: 0.637554 0 0 17.733 1.96957 66.2799
avg attempts: 1.2796 -nan 0 5.99068 22.374 19.6499
avg load: 2.91775 0 0 21.2028 2.06172 69.8332
throughput: 2.2802 3.46987 3.64542
throughput of packet: 2.2802 3.56201 3.55327

25950
meandelay: 0.203112 2.46616 7.42732 3.36 7.75857 16.1606 0.203115 3.71935 12.7051 5.44746
coll prob: 0.639846 0 0 18.6353 2.13444 66.8946
avg attempts: 1.2799 -nan 0 6.36448 22.3223 20.3103
avg load: 2.92583 0 0 22.0251 2.23455 70.3582
throughput: 2.28599 3.38977 3.56374
throughput of packet: 2.28599 3.48987 3.46364

25980
meandelay: 0.20315 2.53853 7.44982 4.48 7.75932 16.1615 0.203153 3.86462 12.7897 5.52726
coll prob: 0.640061 0 0 19.4261 2.2921 67.4784
avg attempts: 1.28015 -nan 0 6.72135 23.5815 20.8871
avg load: 2.92471 0 0 22.7413 2.39361 70.871
throughput: 2.28465 3.31521 3.49411
throughput of packet: 2.28465 3.41671 3.39261

26010
meandelay: 0.202788 2.55543 7.4429 -nan 7.75944 16.1627 0.202788 3.92346 12.789 5.54209
coll prob: 0.638065 0 0 19.7736 2.37584 67.4234
avg attempts: 1.279 -nan 0 6.88733 23.804 20.8932
avg load: 2.925 0 0 23.0525 2.48002 70.8121
throughput: 2.28693 3.27884 3.49287
throughput of packet: 2.28693 3.38303 3.38868

26040
meandelay: 0.203246 2.6053 7.47276 5.12 7.75723 16.1581 0.20325 4.01987 12.9012 5.61785
coll prob: 0.640931 0 0 20.3012 2.48261 68.3275
avg attempts: 1.28012 -nan 0 7.14307 23.9855 21.7311
avg load: 2.929 0 0 23.5268 2.59061 71.6229
throughput: 2.28807 3.22559 3.40341
throughput of packet: 2.28807 3.33359 3.29541

26070
meandelay: 0.203419 2.69062 7.48764 4.88 7.75824 16.1584 0.203423 4.17346 12.9508 5.68107
coll prob: 0.642789 0 0 21.1542 2.64968 68.5957
avg attempts: 1.28049 -nan 0 7.56107 24.1271 22.1049
avg load: 2.93435 0 0 24.2998 2.76425 71.8453
throughput: 2.29156 3.14553 3.36422
throughput of packet: 2.29156 3.2601 3.24965

26100
meandelay: 0.203861 2.69506 7.51909 -nan 7.75669 16.1571 0.203861 4.24988 13.0457 5.74326
coll prob: 0.646459 0 0 21.6271 2.7885 69.4033
avg attempts: 1.28183 -nan 0 7.83709 24.944 22.8516
avg load: 2.94025 0 0 24.7135 2.90496 72.5789
throughput: 2.29379 3.08645 3.29212
throughput of packet: 2.29379 3.20291 3.17566

26130
meandelay: 0.204549 2.66634 7.50443 -nan 7.76023 16.1627 0.204549 4.17296 13.0425 5.71275
coll prob: 0.651391 0 0 21.1982 2.68375 69.4258
avg attempts: 1.28309 -nan 0 7.59219 24.8831 22.8313
avg load: 2.95236 0 0 24.337 2.79612 72.6052
throughput: 2.30097 3.13882 3.29184
throughput of packet: 2.30097 3.25119 3.17947

26160
meandelay: 0.204352 2.76383 7.53128 -nan 7.75929 16.158 0.204352 4.32357 13.0969 5.78063
coll prob: 0.650102 0 0 22.0131 2.83483 69.7424
avg attempts: 1.28264 -nan 0 8.01291 25.5937 23.279
avg load: 2.95018 0 0 25.0777 2.9501 72.8723
throughput: 2.30007 3.06459 3.24509
throughput of packet: 2.30007 3.17985 3.12982

26190
meandelay: 0.204274 2.72369 7.52141 -nan 7.75989 16.1614 0.204274 4.26967 13.0741 5.75149
coll prob: 0.650863 0 0 21.7212 2.78633 69.5876
avg attempts: 1.28244 -nan 0 7.86602 24.8889 23.0775
avg load: 2.95526 0 0 24.8081 2.90297 72.739
throughput: 2.30439 3.08691 3.26811
throughput of packet: 2.30439 3.20355 3.15147

26220
meandelay: 0.204642 2.74331 7.55267 -nan 7.75731 16.1626 0.204642 4.30813 13.162 5.79738
coll prob: 0.653774 0 0 21.9525 2.83576 70.2678
avg attempts: 1.28357 -nan 0 7.98626 25.6144 23.8019
avg load: 2.95931 0 0 25.0202 2.95097 73.3489
throughput: 2.30553 3.06768 3.19633
throughput of packet: 2.30553 3.18289 3.08112

26250
meandelay: 0.204679 2.79409 7.55328 3.44 7.76003 16.1572 0.204681 4.43036 13.1846 5.84255
coll prob: 0.654756 0 0 22.6703 3.00165 70.4175
avg attempts: 1.2837 -nan 0 8.39067 25.6621 24.0491
avg load: 2.96261 0 0 25.6635 3.12336 73.4721
throughput: 2.30785 2.99318 3.17626
throughput of packet: 2.30785 3.11489 3.05455

26280
meandelay: 0.205089 2.83114 7.57792 -nan 7.76037 16.1587 0.205089 4.51123 13.2638 5.89875
coll prob: 0.657589 0 0 23.1266 3.10769 71.0852
avg attempts: 1.28453 -nan 0 8.66837 26.5535 24.7652
avg load: 2.96872 0 0 26.0707 3.2293 74.0758
throughput: 2.31114 2.94418 3.11217
throughput of packet: 2.31114 3.0658 2.99056

26310
meandelay: 0.206291 2.90674 7.58798 4.32 7.75815 16.1597 0.206294 4.63927 13.31 5.95752
coll prob: 0.663252 0 0 23.8429 3.25848 71.3903
avg attempts: 1.28692 -nan 0 9.10905 26.4436 25.2087
avg load: 2.97482 0 0 26.7118 3.38655 74.3386
throughput: 2.31156 2.86889 3.07644
throughput of packet: 2.31156 2.99696 2.94838

26340
meandelay: 0.206526 2.85294 7.58927 4.16 7.7585 16.1614 0.206529 4.54725 13.294 5.91905
coll prob: 0.666822 0 0 23.3343 3.15012 71.3444
avg attempts: 1.28776 -nan 0 8.79123 27.0054 25.0243
avg load: 2.9841 0 0 26.2589 3.27125 74.3135
throughput: 2.31728 2.92468 3.09028
throughput of packet: 2.31728 3.04581 2.96915

26370
meandelay: 0.20654 2.84985 7.59153 3.44 7.75823 16.1584 0.206542 4.56158 13.3021 5.9246
coll prob: 0.666206 0 0 23.4454 3.1858 71.4305
avg attempts: 1.28722 -nan 0 8.85669 26.9916 25.1244
avg load: 2.9857 0 0 26.3589 3.30837 74.3908
throughput: 2.31949 2.91345 3.08288
throughput of packet: 2.31949 3.03602 2.96031

26400
meandelay: 0.206422 2.93539 7.61188 3.44 7.75974 16.1589 0.206429 4.70814 13.375 5.99846
coll prob: 0.667593 0 0 24.2713 3.36134 71.995
avg attempts: 1.28742 -nan 0 9.37465 27.1938 25.846
avg load: 2.99019 0 0 27.1002 3.48967 74.8921
throughput: 2.32259 2.82891 3.02547
throughput of packet: 2.32259 2.95723 2.89714

26430
meandelay: 0.207286 2.94249 7.60524 -nan 7.75838 16.1595 0.207286 4.73624 13.4013 6.01457
coll prob: 0.673346 0 0 24.4366 3.40847 72.195
avg attempts: 1.2894 -nan 0 9.49892 27.8823 26.1523
avg load: 3.00006 0 0 27.2445 3.53527 75.0648
throughput: 2.32671 2.80793 2.99662
throughput of packet: 2.32671 2.93472 2.86983

26460
meandelay: 0.20605 2.98714 7.63556 -nan 7.75752 16.1609 0.20605 4.83299 13.4711 6.0722
coll prob: 0.667139 0 0 25.0353 3.5501 72.7383
avg attempts: 1.28668 -nan 0 9.89866 28.217 26.8503
avg load: 2.9942 0 0 27.7825 3.68054 75.5516
throughput: 2.32706 2.74715 2.94377
throughput of packet: 2.32706 2.87759 2.81333

26490
meandelay: 0.206088 3.02292 7.63309 -nan 7.76048 16.1567 0.206088 4.8926 13.4893 6.09649
coll prob: 0.667646 0 0 25.3561 3.62142 72.9459
avg attempts: 1.28635 -nan 0 10.1319 28.6148 27.1122
avg load: 2.99919 0 0 28.0679 3.75256 75.7389
throughput: 2.33154 2.71186 2.92412
throughput of packet: 2.33154 2.843 2.79298

26520
meandelay: 0.206434 2.99024 7.64017 4.4 7.75734 16.1579 0.20644 4.85457 13.5133 6.09323
coll prob: 0.670769 0 0 25.1822 3.59235 73.1811
avg attempts: 1.2875 -nan 0 10.0044 28.9439 27.3676
avg load: 3.00384 0 0 27.9146 3.7209 75.9561
throughput: 2.33308 2.73238 2.90347
throughput of packet: 2.33308 2.86093 2.77492

26550
meandelay: 0.207372 3.05215 7.67326 -nan 7.75857 16.1626 0.207372 4.96249 13.5859 6.15373
coll prob: 0.675976 0 0 25.8099 3.73381 73.7337
avg attempts: 1.28923 -nan 0 10.455 29.7955 28.1247
avg load: 3.01314 0 0 28.4775 3.86348 76.4515
throughput: 2.33717 2.66767 2.84752
throughput of packet: 2.33717 2.79734 2.71785

26580
meandelay: 0.208303 3.06777 7.66135 4.48 7.75851 16.1624 0.208307 4.98736 13.5669 6.15381
coll prob: 0.681365 0 0 25.9552 3.76673 73.5323
avg attempts: 1.29162 -nan 0 10.5592 29.2677 27.9237
avg load: 3.01777 0 0 28.6075 3.89998 76.263
throughput: 2.33641 2.65223 2.86396
throughput of packet: 2.33641 2.78549 2.7307

26610
meandelay: 0.207147 3.07175 7.66337 -nan 7.75691 16.163 0.207147 4.99432 13.5964 6.16722
coll prob: 0.675902 0 0 26.0128 3.77893 73.8011
avg attempts: 1.28918 -nan 0 10.5948 29.5658 28.2909
avg load: 3.0131 0 0 28.6617 3.91122 76.5048
throughput: 2.3372 2.64889 2.83602
throughput of packet: 2.3372 2.78118 2.70373

26640
meandelay: 0.208505 3.04053 7.6506 2.96 7.75922 16.1545 0.208507 4.97948 13.5972 6.16321
coll prob: 0.6831 0 0 25.9648 3.78903 73.9751
avg attempts: 1.29174 -nan 0 10.5728 29.9632 28.4188
avg load: 3.02439 0 0 28.6154 3.91985 76.6726
throughput: 2.34129 2.65063 2.8283
throughput of packet: 2.34129 2.78145 2.69748

26670
meandelay: 0.207421 3.1085 7.68258 -nan 7.75955 16.1556 0.207421 5.09385 13.6368 6.20905
coll prob: 0.679094 0 0 26.6312 3.94219 74.1649
avg attempts: 1.28955 -nan 0 11.0891 30.2946 28.8194
avg load: 3.02442 0 0 29.2105 4.07676 76.8304
throughput: 2.34532 2.57927 2.80007
throughput of packet: 2.34532 2.71384 2.6655

26700
meandelay: 0.208698 3.11248 7.68235 3.52 7.76076 16.163 0.2087 5.11327 13.6828 6.23517
coll prob: 0.687072 0 0 26.7566 3.97801 74.6264
avg attempts: 1.29269 -nan 0 11.1956 30.8666 29.3788
avg load: 3.0345 0 0 29.3219 4.1112 77.2555
throughput: 2.34743 2.56531 2.76234
throughput of packet: 2.34743 2.6985 2.62915

26730
meandelay: 0.208276 3.11936 7.68578 3.92 7.75909 16.1584 0.208279 5.10417 13.6662 6.22247
coll prob: 0.685104 0 0 26.6811 3.94984 74.4636
avg attempts: 1.29154 -nan 0 11.1283 30.1892 29.1808
avg load: 3.035 0 0 29.2551 4.08516 77.1056
throughput: 2.3499 2.57403 2.77727
throughput of packet: 2.3499 2.70935 2.64196

26760
meandelay: 0.209351 3.11987 7.70184 4.64 7.76006 16.1641 0.209354 5.14738 13.7293 6.25982
coll prob: 0.691711 0 0 26.9941 4.04504 75.0599
avg attempts: 1.29369 -nan 0 11.3918 31.3834 29.9488
avg load: 3.04694 0 0 29.5338 4.17818 77.6523
throughput: 2.35523 2.53968 2.72551
throughput of packet: 2.35523 2.67281 2.59238

26790
meandelay: 0.209515 3.17012 7.72832 4.8 7.75747 16.1585 0.209518 5.2344 13.775 6.30011
coll prob: 0.694294 0 0 27.5285 4.17304 75.379
avg attempts: 1.29426 -nan 0 11.8424 31.551 30.5777
avg load: 3.05376 0 0 30.0105 4.30964 77.927
throughput: 2.35946 2.48197 2.68463
throughput of packet: 2.35946 2.61856 2.54804

26820
meandelay: 0.209551 3.14247 7.67759 4.32 7.75883 16.155 0.209558 5.18951 13.7445 6.2805
coll prob: 0.693487 0 0 27.264 4.10985 75.3374
avg attempts: 1.29414 -nan 0 11.6118 31.385 30.3527
avg load: 3.0511 0 0 29.7756 4.24511 77.9035
throughput: 2.35761 2.5116 2.70141
throughput of packet: 2.35761 2.64686 2.56616

26850
meandelay: 0.20841 3.18765 7.72243 4.16 7.75887 16.163 0.208413 5.27955 13.784 6.31863
coll prob: 0.689281 0 0 27.8168 4.2504 75.4828
avg attempts: 1.29207 -nan 0 12.1001 32.0198 30.6875
avg load: 3.04925 0 0 30.2671 4.38742 78.0249
throughput: 2.35997 2.45028 2.67908
throughput of packet: 2.35997 2.5873 2.54206

26880
meandelay: 0.209916 3.19676 7.71865 4.48 7.75794 16.1604 0.209919 5.29349 13.8188 6.33908
coll prob: 0.697691 0 0 27.9375 4.27628 75.8847
avg attempts: 1.29542 -nan 0 12.175 32.1598 31.2532
avg load: 3.05932 0 0 30.382 4.41352 78.3926
throughput: 2.36163 2.4445 2.64507
throughput of packet: 2.36163 2.58174 2.50783

26910
meandelay: 0.210146 3.22507 7.73241 -nan 7.75933 16.1615 0.210146 5.33705 13.833 6.35409
coll prob: 0.699406 0 0 28.1796 4.33324 75.9485
avg attempts: 1.29566 -nan 0 12.4058 32.5357 31.4136
avg load: 3.06493 0 0 30.5958 4.47064 78.4452
throughput: 2.36553 2.41623 2.63414
throughput of packet: 2.36553 2.55364 2.49673

26940
meandelay: 0.210881 3.21377 7.74323 -nan 7.75928 16.1628 0.210881 5.3206 13.8769 6.37056
coll prob: 0.703996 0 0 28.0885 4.31211 76.5025
avg attempts: 1.29732 -nan 0 12.3166 32.8838 32.0493
avg load: 3.07174 0 0 30.5165 4.44736 78.9659
throughput: 2.36774 2.42803 2.59864
throughput of packet: 2.36774 2.56328 2.46339

26970
meandelay: 0.210739 3.25623 7.74314 3.84 7.75945 16.1576 0.210742 5.42463 13.8998 6.40992
coll prob: 0.704574 0 0 28.7943 4.49923 76.6257
avg attempts: 1.29756 -nan 0 12.9727 33.0763 32.4864
avg load: 3.07238 0 0 31.1464 4.6395 79.0589
throughput: 2.3678 2.35213 2.57346
throughput of packet: 2.3678 2.4924 2.43319

