3.3e-06-------------
24600
meandelay: 0.193701 1.39795 2.78978 -nan 7.74853 16.1642 0.193701 1.49392 3.07394 1.58156
coll prob: 0.558831 0 0 6.56617 0.130178 13.5659
avg attempts: 1.25828 -nan 0 2.48826 2.93525 2.6202
avg load: 2.72248 0 0 10.7746 0.197444 21.9385
throughput: 2.16365 4.20839 8.43981
throughput of packet: 2.16365 4.27566 8.37254

24630
meandelay: 0.194052 1.37985 2.86846 3.12 7.74166 16.1442 0.194054 1.46104 3.28351 1.63991
coll prob: 0.561539 0 0 6.40109 0.110015 14.6822
avg attempts: 1.25927 -nan 0 2.45089 2.82726 2.77068
avg load: 2.72732 0 0 10.6259 0.170222 22.9736
throughput: 2.16578 4.22484 8.35161
throughput of packet: 2.16578 4.28505 8.2914

24660
meandelay: 0.194139 1.38391 2.82739 5.12 7.74076 16.1444 0.194143 1.46899 3.14301 1.59601
coll prob: 0.562404 0 0 6.4422 0.115341 13.9541
avg attempts: 1.25911 -nan 0 2.45799 2.78444 2.66676
avg load: 2.73287 0 0 10.6611 0.179978 22.3259
throughput: 2.17047 4.21887 8.43639
throughput of packet: 2.17047 4.28351 8.37175

24690
meandelay: 0.194653 1.44719 3.09142 -nan 7.74781 16.15 0.194653 1.57202 3.69184 1.81153
coll prob: 0.565911 0 0 6.98897 0.171489 16.8231
avg attempts: 1.26054 -nan 0 2.58384 3.35466 3.05664
avg load: 2.73793 0 0 11.1946 0.244319 25.0023
throughput: 2.17202 4.20561 8.25207
throughput of packet: 2.17202 4.27844 8.17924

24720
meandelay: 0.19436 1.44195 3.15765 3.52 7.74211 16.1519 0.194366 1.56036 3.82649 1.85302
coll prob: 0.565019 0 0 6.92253 0.162489 17.5589
avg attempts: 1.25991 -nan 0 2.56764 3.20706 3.15483
avg load: 2.73888 0 0 11.1269 0.236111 25.7071
throughput: 2.17386 4.20435 8.22183
throughput of packet: 2.17386 4.27797 8.14821

24750
meandelay: 0.194149 1.45812 3.5449 -nan 7.74972 16.1555 0.194149 1.61279 4.70265 2.15907
coll prob: 0.563337 0 0 7.20324 0.213007 22.1283
avg attempts: 1.25938 -nan 0 2.64352 4.03686 3.84242
avg load: 2.73516 0 0 11.3938 0.283148 29.9131
throughput: 2.17182 4.1906 7.85496
throughput of packet: 2.17182 4.26074 7.78481

24780
meandelay: 0.19518 1.45744 3.58492 4.08 7.73313 16.1513 0.195184 1.59407 4.84845 2.20053
coll prob: 0.5702 0 0 7.11353 0.188844 22.9708
avg attempts: 1.2618 -nan 0 2.61998 3.90298 3.9737
avg load: 2.74816 0 0 11.3237 0.253896 30.692
throughput: 2.17796 4.21016 7.78631
throughput of packet: 2.17796 4.27521 7.72126

24810
meandelay: 0.194794 1.46303 3.79778 -nan 7.74677 16.1443 0.194794 1.60971 5.28131 2.34933
coll prob: 0.56898 0 0 7.19746 0.202607 25.2681
avg attempts: 1.26107 -nan 0 2.64664 4.42242 4.34108
avg load: 2.74836 0 0 11.4064 0.261807 32.8308
throughput: 2.17938 4.20899 7.62191
throughput of packet: 2.17938 4.26819 7.56271

24840
meandelay: 0.195398 1.51758 3.6592 -nan 7.74329 16.1598 0.195398 1.68159 4.89667 2.245
coll prob: 0.572456 0 0 7.57692 0.229156 23.1956
avg attempts: 1.26224 -nan 0 2.72149 3.91299 3.99426
avg load: 2.7554 0 0 11.7723 0.307822 30.9419
throughput: 2.18294 4.1954 7.82504
throughput of packet: 2.18294 4.27406 7.74637

24870
meandelay: 0.195687 1.5455 4.09013 -nan 7.75649 16.1547 0.195687 1.75204 5.97228 2.61933
coll prob: 0.574972 0 0 7.93924 0.289393 28.8808
avg attempts: 1.2629 -nan 0 2.81809 4.57929 4.99046
avg load: 2.76202 0 0 12.1055 0.370244 36.1178
throughput: 2.18705 4.1663 7.31783
throughput of packet: 2.18705 4.24715 7.23698

24900
meandelay: 0.195529 1.51743 3.94463 -nan 7.75161 16.1533 0.195529 1.69316 5.51289 2.45001
coll prob: 0.574643 0 0 7.65763 0.245941 26.4876
avg attempts: 1.26249 -nan 0 2.74344 4.35272 4.53313
avg load: 2.76379 0 0 11.8605 0.319296 33.9841
throughput: 2.18914 4.20287 7.56986
throughput of packet: 2.18914 4.27622 7.4965

24930
meandelay: 0.196632 1.54082 4.53344 -nan 7.74542 16.1642 0.196632 1.75216 6.90555 2.92512
coll prob: 0.580809 0 0 7.95741 0.297126 33.8527
avg attempts: 1.26497 -nan 0 2.83572 5.77069 5.95574
avg load: 2.7728 0 0 12.1394 0.359407 40.6835
throughput: 2.19199 4.18198 6.89303
throughput of packet: 2.19199 4.24426 6.83075

24960
meandelay: 0.196184 1.56465 5.12607 4.96 7.74237 16.1533 0.196188 1.80492 7.96351 3.28487
coll prob: 0.58027 0 0 8.23454 0.339615 39.4208
avg attempts: 1.2639 -nan 0 2.91581 7.17481 7.19459
avg load: 2.77904 0 0 12.4031 0.394615 45.7843
throughput: 2.19877 4.16857 6.41853
throughput of packet: 2.19877 4.22357 6.36353

24990
meandelay: 0.196213 1.5703 4.90186 -nan 7.7458 16.1564 0.196213 1.80518 7.57242 3.1603
coll prob: 0.580761 0 0 8.23817 0.332289 37.4185
avg attempts: 1.26449 -nan 0 2.90652 6.20648 6.71424
avg load: 2.77652 0 0 12.4082 0.396111 43.9654
throughput: 2.19576 4.17007 6.61071
throughput of packet: 2.19576 4.2339 6.54689

25020
meandelay: 0.196832 1.60556 5.29357 3.36 7.75348 16.1558 0.196835 1.87646 8.26857 3.40632
coll prob: 0.583265 0 0 8.62147 0.38577 41.0092
avg attempts: 1.26521 -nan 0 3.01118 7.56072 7.59678
avg load: 2.78246 0 0 12.7765 0.44457 47.2256
throughput: 2.19919 4.155 6.27516
throughput of packet: 2.19919 4.2138 6.21636

25050
meandelay: 0.196884 1.65713 5.73834 -nan 7.76025 16.1588 0.196884 1.9841 9.12172 3.71839
coll prob: 0.585383 0 0 9.17943 0.469607 45.5966
avg attempts: 1.2656 -nan 0 3.1678 9.58689 8.88719
avg load: 2.78937 0 0 13.3001 0.524296 51.3766
throughput: 2.20399 4.12062 5.83473
throughput of packet: 2.20399 4.17531 5.78004

25080
meandelay: 0.196888 1.61199 5.57682 2.96 7.74822 16.1604 0.19689 1.90658 8.89873 3.6236
coll prob: 0.585791 0 0 8.79318 0.421119 44.5105
avg attempts: 1.26596 -nan 0 3.06353 9.25963 8.56084
avg load: 2.78831 0 0 12.943 0.472104 50.3962
throughput: 2.20252 4.14983 5.93667
throughput of packet: 2.20252 4.20082 5.88569

25110
meandelay: 0.197118 1.65216 5.90602 -nan 7.75175 16.1546 0.197118 1.98258 9.5218 3.84749
coll prob: 0.588017 0 0 9.18007 0.475207 47.8313
avg attempts: 1.26624 -nan 0 3.16968 10.1101 9.6259
avg load: 2.79661 0 0 13.3026 0.52737 53.3755
throughput: 2.2086 4.12251 5.59629
throughput of packet: 2.2086 4.17468 5.54413

25140
meandelay: 0.197208 1.69462 6.05479 -nan 7.74811 16.1543 0.197208 2.0807 9.75959 3.95515
coll prob: 0.589354 0 0 9.69571 0.559896 49.0851
avg attempts: 1.26639 -nan 0 3.31149 10.557 10.0502
avg load: 2.80167 0 0 13.776 0.618481 54.5077
throughput: 2.21232 4.08025 5.48124
throughput of packet: 2.21232 4.13884 5.42265

25170
meandelay: 0.197245 1.7056 6.26443 -nan 7.74794 16.1615 0.197245 2.09079 10.1297 4.08026
coll prob: 0.589489 0 0 9.76256 0.560874 51.1615
avg attempts: 1.26638 -nan 0 3.32763 11.7523 10.7872
avg load: 2.80248 0 0 13.8551 0.613037 56.3877
throughput: 2.21299 4.09259 5.27839
throughput of packet: 2.21299 4.14476 5.22623

