3.3e-06-------------
900
meandelay: 0.0831188 0.17108 0.342171 -nan -nan -nan 0.0831188 0.17108 0.342171 0.198773
coll prob: 0.000559259 0 0 0.00200741 0 0.00407407
avg attempts: 1.00705 -nan -nan 1.01277 -nan 1.01287
avg load: 0.0798407 0 0 0.159144 0 0.320541
throughput: 0.0792815 0.157137 0.316467
throughput of packet: 0.0792815 0.157137 0.316467

3000
meandelay: 0.0898913 0.201714 0.403671 -nan -nan -nan 0.0898913 0.201714 0.403671 0.231376
coll prob: 0.00595926 0 0 0.0247741 0 0.0499185
avg attempts: 1.02254 -nan -nan 1.04676 1 1.04751
avg load: 0.270313 0 0 0.554241 7.40741e-06 1.10055
throughput: 0.264354 0.529467 1.05064
throughput of packet: 0.264354 0.529474 1.05063

6000
meandelay: 0.100734 0.250182 0.498527 -nan -nan -nan 0.100734 0.250182 0.498527 0.282721
coll prob: 0.02495 0 0 0.107941 2.96296e-05 0.211793
avg attempts: 1.04733 1 -nan 1.10204 1.09524 1.1011
avg load: 0.551983 3.7037e-06 0 1.15963 0.000340741 2.30675
throughput: 0.527033 1.0517 2.09527
throughput of packet: 0.527037 1.052 2.09496

9000
meandelay: 0.112374 0.309038 0.619873 -nan -nan -nan 0.112374 0.309038 0.619873 0.346719
coll prob: 0.0585611 0 0 0.267311 0.000237037 0.539111
avg attempts: 1.0736 1 -nan 1.1673 1.14286 1.17048
avg load: 0.853104 4.07407e-05 0 1.84523 0.0018963 3.70137
throughput: 0.794543 1.57796 3.16392
throughput of packet: 0.794583 1.57957 3.16226

12000
meandelay: 0.125636 0.376722 0.755643 -nan -nan -nan 0.125636 0.376722 0.755643 0.419211
coll prob: 0.108965 4.44444e-05 0 0.52067 0.00181481 1.04366
avg attempts: 1.10292 1.2069 -nan 1.23954 1.22727 1.24763
avg load: 1.16349 0.000259259 0 2.62761 0.0098 5.25799
throughput: 1.05453 2.10716 4.22232
throughput of packet: 1.05474 2.11493 4.21433

15000
meandelay: 0.138751 0.463396 0.927949 -nan 10.88 16.96 0.138751 0.463411 0.928017 0.509761
coll prob: 0.175806 0.000181481 0 0.902911 0.00902222 1.81804
avg attempts: 1.13242 1.28161 0 1.32455 1.34108 1.3456
avg load: 1.49361 0.000825926 0 3.52182 0.0354741 7.0783
throughput: 1.31781 2.61956 5.28672
throughput of packet: 1.31845 2.64536 5.26027

18000
meandelay: 0.154199 0.580891 1.18618 -nan 12.192 16.3627 0.154199 0.581027 1.18645 0.639616
coll prob: 0.266565 0.000803704 0 1.48966 0.0375111 3.10064
avg attempts: 1.16626 1.42641 0.25 1.42792 1.49434 1.49213
avg load: 1.84907 0.00251481 3.7037e-05 4.61609 0.113393 9.40083
throughput: 1.58251 3.12814 6.3761
throughput of packet: 1.58426 3.20231 6.30019

21000
meandelay: 0.171252 0.738551 1.60268 7.08 12.0493 16.0627 0.171293 0.740656 1.60632 0.837922
coll prob: 0.38182 0.00256296 0.000155556 2.32601 0.139741 5.37024
avg attempts: 1.20259 1.58766 0.161172 1.54333 1.74143 1.73111
avg load: 2.2283 0.00634444 0.000325926 5.9132 0.328215 12.715
throughput: 1.84648 3.59097 7.53339
throughput of packet: 1.85043 3.77567 7.34475

24000
meandelay: 0.189863 0.964236 3.69747 6.36 12.171 16.1656 0.190188 1.07274 4.89452 2.0377
coll prob: 0.524078 0.00678519 0.00111852 3.54213 0.97557 22.3855
avg attempts: 1.24138 1.78831 0.0020239 1.71122 3.76946 3.98148
avg load: 2.6323 0.0141333 0.00161481 7.53164 1.32781 29.8934
throughput: 2.10823 3.99686 7.86063
throughput of packet: 2.11607 4.34176 7.50789

27000
meandelay: 0.210105 0.984903 7.76852 6.66956 12.1504 16.1588 0.212057 1.89667 13.9814 5.24068
coll prob: 0.695478 0.0169296 0.00582963 5.289 4.97782 77.1693
avg attempts: 1.28263 2.22948 0.000892969 2.17187 35.5017 33.7653
avg load: 3.06007 0.0304222 0.006 9.55561 5.12209 79.5242
throughput: 2.3646 4.2801 2.49926
throughput of packet: 2.37826 4.41088 2.35482

30000
meandelay: 0.234129 1.08676 8.01712 6.5931 12.16 16.1583 0.239457 2.79495 15.1843 5.93752
coll prob: 0.914507 0.0398185 0.0178148 7.59658 9.97828 93.8174
avg attempts: 1.33123 2.76644 0.00204134 2.68665 82.4176 78.9599
avg load: 3.54028 0.0620667 0.0180741 11.9546 10.1008 95.0206
throughput: 2.62577 4.38023 1.32598
throughput of packet: 2.64828 4.48052 1.20318

33000
meandelay: 0.260195 1.17485 8.10896 6.61551 12.1598 16.1601 0.273229 3.91317 15.7222 6.4928
coll prob: 1.17929 0.0846259 0.0476963 10.4561 17.3696 106.958
avg attempts: 1.38553 3.45088 0.00459008 3.41374 186.705 179.255
avg load: 4.05931 0.119011 0.0478667 14.7099 17.4632 107.558
throughput: 2.88001 4.28817 0.693615
throughput of packet: 2.91457 4.34731 0.599919

36000
meandelay: 0.28661 1.24269 8.19736 6.65866 12.1605 16.1588 0.314405 5.15281 15.9734 7.0061
coll prob: 1.48583 0.166204 0.110504 13.701 26.9207 118.64
avg attempts: 1.44506 4.5102 0.00943084 4.4223 444.825 424.964
avg load: 4.61159 0.213419 0.110711 17.6685 26.9813 118.92
throughput: 3.12575 4.01473 0.340644
throughput of packet: 3.17318 4.02817 0.279785

39000
meandelay: 0.316669 1.29324 8.1725 6.62991 12.1579 16.1648 0.370276 6.33689 16.0875 7.46245
coll prob: 1.87278 0.315022 0.233007 17.0179 37.4955 129.597
avg attempts: 1.51764 5.83995 0.0180777 5.73338 1049.56 1029.55
avg load: 5.23906 0.38 0.233244 20.5973 37.5313 129.723
throughput: 3.36628 3.64446 0.16197
throughput of packet: 3.4315 3.61523 0.125978

42000
meandelay: 0.348053 1.33515 8.09757 6.63792 12.1562 16.1602 0.441962 7.43668 16.1279 7.86336
coll prob: 2.34319 0.549774 0.441148 20.4207 48.8363 139.792
avg attempts: 1.60576 7.68146 0.0316328 7.49979 2664.49 2489.26
avg load: 5.9395 0.632 0.441341 23.5561 48.8546 139.849
throughput: 3.59631 3.21763 0.0746963
throughput of packet: 3.67873 3.15373 0.0561704

45000
meandelay: 0.379347 1.36544 8.00067 6.63302 12.158 16.1608 0.531409 8.37049 16.1473 8.21488
coll prob: 2.88935 0.904404 0.768881 23.679 60.0118 150.003
avg attempts: 1.70669 10.0781 0.0513109 9.76822 6394.65 6033.93
avg load: 6.69585 1.00401 0.768978 26.3769 60.0211 150.028
throughput: 3.8065 2.79749 0.0343407
throughput of packet: 3.9062 2.70727 0.0248593

48000
meandelay: 0.411727 1.39182 7.6954 6.63351 12.1611 16.1615 0.646958 9.17917 16.1557 8.53025
coll prob: 3.55211 1.43734 1.27442 26.8843 71.1491 160.25
avg attempts: 1.83069 13.3629 0.0795671 12.8497 15125.8 14459.3
avg load: 7.54806 1.55359 1.27447 29.1517 71.1538 160.261
throughput: 3.99596 2.38373 0.015837
throughput of packet: 4.11226 2.27219 0.0110815

