3.3e-06-------------
23400
meandelay: 0.186407 0.92282 2.47092 6.72 12.1145 16.1326 0.186578 0.942954 2.55411 1.22556
coll prob: 0.492887 0.00548148 0.000585185 3.26545 0.469015 10.4335
avg attempts: 1.23345 1.68066 0.0207873 1.65138 2.31398 2.28382
avg load: 2.54478 0.0121852 0.00104444 7.18269 0.825844 18.5589
throughput: 2.05189 3.92394 8.48273
throughput of packet: 2.05906 4.27406 8.12544

24000
meandelay: 0.189297 0.967426 3.94987 6.64271 12.1577 16.1515 0.18963 1.09926 5.36599 2.19888
coll prob: 0.521663 0.00647778 0.000985185 3.58464 1.09753 24.7296
avg attempts: 1.2403 1.81888 0.00130081 1.72492 4.18439 4.37467
avg load: 2.63096 0.013737 0.00125185 7.5784 1.44218 32.0572
throughput: 2.1093 4.00102 7.67253
throughput of packet: 2.11682 4.3384 7.32761

24600
meandelay: 0.19349 0.920654 6.92075 6.7438 12.1569 16.164 0.194169 1.34461 11.2289 4.17904
coll prob: 0.554672 0.0077 0.00184444 3.85543 2.36409 55.667
avg attempts: 1.24915 1.88522 0.000492713 1.85903 13.7037 13.4787
avg load: 2.71216 0.0162185 0.00191852 7.91 2.55017 60.1274
throughput: 2.15749 4.06309 4.64656
throughput of packet: 2.16608 4.24065 4.46041

25200
meandelay: 0.198007 0.929714 7.34427 6.71474 12.153 16.1589 0.198835 1.46679 12.3561 4.57898
coll prob: 0.589465 0.00944815 0.00236296 4.15424 2.90993 63.0767
avg attempts: 1.25803 1.95435 0.000527875 1.93059 18.653 18.1696
avg load: 2.79961 0.0189407 0.00255556 8.26388 3.07476 66.7499
throughput: 2.21014 4.11913 3.83827
throughput of packet: 2.21983 4.27447 3.67324

25800
meandelay: 0.202454 0.946703 7.52708 6.55203 12.1507 16.1637 0.203703 1.59677 13.0497 4.84386
coll prob: 0.626217 0.0122111 0.00362963 4.50266 3.50338 68.4999
avg attempts: 1.26686 2.09051 0.000674952 2.00545 23.4941 22.8299
avg load: 2.89012 0.0231778 0.00375556 8.67078 3.65912 71.6374
throughput: 2.2639 4.17909 3.29329
throughput of packet: 2.27499 4.32386 3.13742

26400
meandelay: 0.205268 0.964721 7.67648 6.61728 12.1482 16.1538 0.206583 1.75042 13.5942 5.07148
coll prob: 0.653837 0.0137148 0.0038963 4.90131 4.25283 73.3623
avg attempts: 1.27236 2.13287 0.000653407 2.08957 29.4642 28.2977
avg load: 2.96706 0.0255333 0.00405926 9.12492 4.40222 76.0494
throughput: 2.31323 4.23543 2.83663
throughput of packet: 2.32521 4.373 2.68707

27000
meandelay: 0.210695 0.98678 7.77326 6.5423 12.1623 16.1618 0.212458 1.90069 13.9849 5.24171
coll prob: 0.699339 0.0166185 0.00535556 5.29333 4.98949 77.1882
avg attempts: 1.28389 2.21058 0.000816724 2.17204 34.8389 33.7688
avg load: 3.06711 0.0301259 0.00548889 9.55757 5.13692 79.5433
throughput: 2.36778 4.27775 2.50271
throughput of packet: 2.38142 4.41167 2.35515

27600
meandelay: 0.214992 1.0092 7.85188 6.61418 12.1604 16.1536 0.21729 2.062 14.3086 5.40037
coll prob: 0.737709 0.0202852 0.00705926 5.71429 5.80819 80.8915
avg attempts: 1.29245 2.34521 0.00100007 2.2639 41.7649 40.2727
avg load: 3.15803 0.0351444 0.00720741 10.0096 5.95065 82.9509
throughput: 2.42032 4.31014 2.20201
throughput of packet: 2.43533 4.43774 2.05939

28200
meandelay: 0.219044 1.024 7.91686 6.63962 12.1572 16.1639 0.2221 2.2135 14.5925 5.54995
coll prob: 0.774846 0.0236889 0.00954815 6.10261 6.63747 84.4321
avg attempts: 1.30086 2.46534 0.0012643 2.34849 49.3817 47.7956
avg load: 3.24352 0.039663 0.00968889 10.4243 6.77465 86.236
throughput: 2.46868 4.3377 1.9413
throughput of packet: 2.48479 4.4589 1.80398

28800
meandelay: 0.224972 1.04755 7.94174 6.61426 12.1584 16.1581 0.228456 2.40593 14.807 5.67716
coll prob: 0.82565 0.0283444 0.0111333 6.60456 7.6977 87.5184
avg attempts: 1.31214 2.47626 0.00140285 2.45884 58.592 56.1395
avg load: 3.34869 0.0473037 0.0113111 10.948 7.83134 89.1053
throughput: 2.52304 4.36239 1.72072
throughput of packet: 2.54218 4.47707 1.5869

29400
meandelay: 0.228477 1.07047 7.98794 6.64837 12.156 16.1624 0.23274 2.60054 15.0126 5.81368
coll prob: 0.863746 0.0326815 0.0138296 7.11124 8.81955 90.786
avg attempts: 1.31981 2.59209 0.00166017 2.57194 69.4032 66.4564
avg load: 3.43725 0.0529111 0.0140667 11.4707 8.94847 92.1727
throughput: 2.57351 4.37964 1.51587
throughput of packet: 2.59397 4.48834 1.38671

