3.3e-06-------------
900
meandelay: 0.0826645 0.165796 0.327849 -nan -nan -nan 0.0826645 0.165796 0.327849 0.157049
coll prob: 0.00132222 0 0 0.00171852 0 0.00157037
avg attempts: 1.01116 -nan -nan 1.01203 -nan 1.00819
avg load: 0.119807 0 0 0.144556 0 0.193348
throughput: 0.118485 0.142837 0.191778
throughput of packet: 0.118485 0.142837 0.191778

3000
meandelay: 0.0886539 0.180244 0.345504 -nan -nan -nan 0.0886539 0.180244 0.345504 0.167758
coll prob: 0.0142074 0 0 0.0199593 0 0.0170889
avg attempts: 1.03593 1 -nan 1.04208 1 1.02683
avg load: 0.409402 3.7037e-06 0 0.493941 7.40741e-06 0.654007
throughput: 0.395194 0.473985 0.636926
throughput of packet: 0.395198 0.473989 0.636919

6000
meandelay: 0.0980761 0.204322 0.375436 -nan -nan -nan 0.0980761 0.204322 0.375436 0.185553
coll prob: 0.0595907 1.11111e-05 0 0.0878185 7.40741e-06 0.0734815
avg attempts: 1.07522 1.13636 -nan 1.09184 1.03704 1.05796
avg load: 0.849619 9.25926e-05 0 1.03971 0.000207407 1.3412
throughput: 0.790028 0.95197 1.26792
throughput of packet: 0.790109 0.952089 1.26772

9000
meandelay: 0.108879 0.232132 0.40578 -nan -nan -nan 0.108879 0.232132 0.40578 0.205048
coll prob: 0.1429 0.000118519 0 0.21387 5.18519e-05 0.169148
avg attempts: 1.11934 1.17834 1 1.14821 1.03483 1.08939
avg load: 1.33049 0.0007 7.40741e-06 1.63682 0.00154074 2.06136
throughput: 1.18759 1.42353 1.89371
throughput of packet: 1.18818 1.42444 1.89221

12000
meandelay: 0.121081 0.265304 0.442869 -nan -nan -nan 0.121081 0.265304 0.442869 0.228522
coll prob: 0.270154 0.000592593 0 0.415937 0.000651852 0.322378
avg attempts: 1.1677 1.23242 1 1.21311 1.11282 1.12782
avg load: 1.8521 0.00301481 1.48148e-05 2.31344 0.00642963 2.84438
throughput: 1.58194 1.89993 2.52779
throughput of packet: 1.58438 1.90328 2.522

15000
meandelay: 0.135918 0.306555 0.483585 -nan -nan -nan 0.135918 0.306555 0.483585 0.256628
coll prob: 0.458017 0.00239259 1.48148e-05 0.720107 0.00305926 0.539807
avg attempts: 1.22446 1.3001 1.14286 1.28833 1.158 1.17051
avg load: 2.43317 0.00967407 0.000118519 3.08332 0.0224222 3.70564
throughput: 1.97515 2.37049 3.1853
throughput of packet: 1.98254 2.38257 3.16583

18000
meandelay: 0.152989 0.35861 0.529828 4.08 -nan -nan 0.152992 0.35861 0.529828 0.289818
coll prob: 0.714113 0.00760741 5.18519e-05 1.16346 0.0113037 0.828548
avg attempts: 1.28589 1.38232 1.175 1.37564 1.21976 1.2187
avg load: 3.0825 0.0259556 0.000348148 3.9869 0.0627407 4.61708
throughput: 2.36839 2.84179 3.84027
throughput of packet: 2.38704 2.87488 3.78853

21000
meandelay: 0.174309 0.425047 0.587474 3.952 -nan 8.96 0.174334 0.425047 0.587488 0.331918
coll prob: 1.06133 0.0237778 0.000577778 1.78515 0.0361778 1.2314
avg attempts: 1.355 1.4883 1.33624 1.47243 1.29267 1.2788
avg load: 3.81087 0.0655556 0.00226667 5.04042 0.159793 5.64797
throughput: 2.74954 3.29704 4.54187
throughput of packet: 2.79301 3.37888 4.41657

24000
meandelay: 0.201433 0.523923 0.668538 4.05333 6.90462 9.12 0.201595 0.524085 0.668563 0.391636
coll prob: 1.52661 0.0684 0.0025037 2.74636 0.112511 1.83906
avg attempts: 1.43113 1.63224 1.36721 1.59317 1.38882 1.3633
avg load: 4.64919 0.155193 0.00926667 6.40081 0.401778 6.90054
throughput: 3.12259 3.74124 5.35751
throughput of packet: 3.21614 3.94372 5.06148

27000
meandelay: 0.238171 0.673314 0.8038 4.03008 6.94109 8.94609 0.23922 0.674512 0.804044 0.482446
coll prob: 2.14901 0.185244 0.0150519 4.15977 0.357207 2.86812
avg attempts: 1.51777 1.80953 1.54607 1.73046 1.55742 1.50454
avg load: 5.62175 0.347167 0.0421333 8.09976 0.99803 8.5523
throughput: 3.47274 4.10191 6.35209
throughput of packet: 3.66174 4.58081 5.68419

30000
meandelay: 0.286308 0.931886 1.15808 4.04953 6.94766 8.90404 0.293182 0.950808 1.17008 0.665806
coll prob: 2.94811 0.4682 0.0833407 6.35442 1.35869 5.60199
avg attempts: 1.6142 2.13044 1.81427 1.90315 2.00539 1.88819
avg load: 6.73227 0.739841 0.163889 10.3974 2.71004 11.9089
throughput: 3.78416 4.31463 7.73879
throughput of packet: 4.13635 5.39434 6.30688

33000
meandelay: 0.323793 1.06975 3.74516 4.03615 6.95856 8.96054 0.388599 2.05779 6.08382 2.01152
coll prob: 4.03588 1.15403 0.630341 9.47841 12.5611 43.9816
avg attempts: 1.78032 3.5679 0.219154 2.96002 13.6708 12.6962
avg load: 8.09233 1.56395 0.680985 13.3022 13.5524 47.7414
throughput: 4.05645 4.23373 4.80172
throughput of packet: 4.51702 4.81506 3.75982

36000
meandelay: 0.361167 0.984624 4.47123 4.03861 6.95947 8.96042 0.53871 3.27488 8.18589 2.85892
coll prob: 5.44229 2.53842 1.84799 13.4421 27.0508 66.6747
avg attempts: 2.02603 5.69979 0.305559 4.85805 59.4202 53.2815
avg load: 9.68928 3.06577 1.8779 16.6859 27.5138 67.9499
throughput: 4.24699 3.77106 1.7681
throughput of packet: 4.80424 3.70672 1.27519

39000
meandelay: 0.388963 0.962832 4.56725 4.03845 6.95953 8.95945 0.747735 4.40668 8.69969 3.40412
coll prob: 7.11934 4.8374 4.04819 17.7085 42.5811 77.3405
avg attempts: 2.3722 9.37711 0.53927 7.96576 178.251 164.516
avg load: 11.4582 5.41003 4.06839 20.1814 42.8213 77.8135
throughput: 4.33884 3.04559 0.733348
throughput of packet: 4.93166 2.71318 0.472941

42000
meandelay: 0.406985 0.945436 4.62663 4.03956 6.96027 8.9607 1.01459 5.32846 8.87136 3.84691
coll prob: 9.12607 8.17742 7.39866 21.6503 57.4215 85.0622
avg attempts: 2.85555 16.0071 0.878282 13.4863 503.172 480.609
avg load: 13.4514 8.72049 7.41219 23.3657 57.5358 85.2395
throughput: 4.32533 2.25847 0.305215
throughput of packet: 4.88193 1.82975 0.177341

45000
meandelay: 0.416773 0.931974 4.62533 4.03892 6.96039 8.95952 1.31937 5.98792 8.92631 4.21157
coll prob: 11.3901 12.4654 11.7871 25.1172 70.4392 92.0074
avg attempts: 3.48699 27.9216 1.28537 23.7147 1365.05 1300.69
avg load: 15.5946 12.9278 11.7948 26.2183 70.4908 92.0782
throughput: 4.20455 1.56348 0.130185
throughput of packet: 4.67472 1.15271 0.0707852

48000
meandelay: 0.41976 0.923954 4.47552 4.0398 6.96128 8.96057 1.63648 6.41002 8.94708 4.50175
coll prob: 13.8212 17.4615 16.9336 28.0834 81.2354 98.2777
avg attempts: 4.27506 50.1762 1.72511 42.9716 3435.45 3320.8
avg load: 17.8229 17.8163 16.9385 28.7513 81.259 98.3073
throughput: 4.00172 1.02276 0.0581852
throughput of packet: 4.36152 0.691544 0.0296

