3.3e-06-------------
900
meandelay: 0.0814482 0.165466 0.331475 -nan -nan -nan 0.0814482 0.165466 0.331475 0.19217
coll prob: 0.000575926 0 0 0.00214815 0 0.00451852
avg attempts: 1.00721 -nan -nan 1.0135 -nan 1.01434
avg load: 0.0804685 0 0 0.161311 0 0.319541
throughput: 0.0798926 0.159163 0.315022
throughput of packet: 0.0798926 0.159163 0.315022

3000
meandelay: 0.0846839 0.179757 0.357676 -nan -nan -nan 0.0846839 0.179757 0.357676 0.207386
coll prob: 0.00612778 0 0 0.026063 0 0.0497333
avg attempts: 1.02322 1 -nan 1.04941 1 1.0472
avg load: 0.269407 7.40741e-06 0 0.553204 7.40741e-06 1.10338
throughput: 0.26328 0.527148 1.05365
throughput of packet: 0.263287 0.527148 1.05364

6000
meandelay: 0.0897583 0.202375 0.402514 -nan -nan -nan 0.0897583 0.202375 0.402514 0.231382
coll prob: 0.0257537 3.7037e-06 0 0.111811 2.22222e-05 0.217407
avg attempts: 1.04861 1.1 -nan 1.10507 1.04615 1.1032
avg load: 0.554061 4.07407e-05 0 1.16683 0.000503704 2.32403
throughput: 0.528307 1.05506 2.1071
throughput of packet: 0.528344 1.0555 2.10662

9000
meandelay: 0.0954043 0.230341 0.454967 -nan -nan -nan 0.0954043 0.230341 0.454967 0.260079
coll prob: 0.0610204 4.07407e-05 0 0.27617 0.000488889 0.534667
avg attempts: 1.07633 1.18333 -nan 1.17131 1.15752 1.16897
avg load: 0.854639 0.000262963 0 1.852 0.00359259 3.69875
throughput: 0.793619 1.57605 3.16719
throughput of packet: 0.793841 1.57893 3.16408

12000
meandelay: 0.101391 0.263591 0.521952 -nan -nan -nan 0.101391 0.263591 0.521952 0.295594
coll prob: 0.112596 9.62963e-05 0 0.541407 0.0029037 1.06431
avg attempts: 1.106 1.21849 -nan 1.24615 1.25032 1.25253
avg load: 1.16652 0.000537037 0 2.64668 0.0145037 5.27886
throughput: 1.05392 2.10571 4.22615
throughput of packet: 1.05436 2.11687 4.21455

15000
meandelay: 0.108212 0.307037 0.606786 -nan 6.08 7.57333 0.108212 0.307045 0.606815 0.34055
coll prob: 0.18532 0.00047037 2.22222e-05 0.947556 0.0133704 1.89056
avg attempts: 1.1384 1.31006 1 1.33426 1.36694 1.35863
avg load: 1.50497 0.0017963 5.18519e-05 3.5643 0.0498074 7.16202
throughput: 1.31965 2.61807 5.30793
throughput of packet: 1.32101 2.65319 5.27147

18000
meandelay: 0.115348 0.366274 0.727266 3.44 5.78182 7.69939 0.115356 0.366413 0.727536 0.4024
coll prob: 0.278285 0.00148519 2.96296e-05 1.56311 0.0524519 3.21203
avg attempts: 1.17172 1.46314 0.25641 1.43697 1.52589 1.50946
avg load: 1.86345 0.0045 7.40741e-05 4.68379 0.152178 9.51681
throughput: 1.58516 3.12369 6.40455
throughput of packet: 1.58822 3.2204 6.30478

21000
meandelay: 0.123008 0.446898 0.94435 3.47 5.8817 7.49729 0.123061 0.449087 0.948393 0.506313
coll prob: 0.392448 0.00393704 0.000311111 2.42415 0.195504 5.78713
avg attempts: 1.20651 1.5835 0.129573 1.54936 1.84449 1.78679
avg load: 2.23655 0.00959259 0.00062963 5.99385 0.427007 13.1421
throughput: 1.8441 3.57536 7.5868
throughput of packet: 1.85008 3.8012 7.35498

24000
meandelay: 0.132253 0.524052 2.68516 3.50704 5.92011 7.52113 0.132674 0.688519 4.32154 1.70184
coll prob: 0.541594 0.0104556 0.00222963 3.7082 2.01773 44.4296
avg attempts: 1.24682 1.89915 0.00091292 1.80502 8.7436 9.07059
avg load: 2.64639 0.0213259 0.00257037 7.66718 2.2783 49.9342
throughput: 2.10479 3.96985 5.76545
throughput of packet: 2.11601 4.21954 5.50455

27000
meandelay: 0.142385 0.536095 3.72575 3.4916 5.91976 7.51958 0.143952 1.04557 6.6616 2.58984
coll prob: 0.725343 0.024437 0.00901481 5.46247 5.70078 80.8785
avg attempts: 1.29079 2.27083 0.00128736 2.23148 43.1262 39.4756
avg load: 3.08924 0.0432815 0.00925926 9.67819 5.8361 82.9804
throughput: 2.3639 4.23456 2.23744
throughput of packet: 2.38299 4.35103 2.10187

30000
meandelay: 0.153813 0.579118 3.82681 3.51746 5.91952 7.51934 0.158046 1.49551 7.13798 2.9
coll prob: 0.951183 0.055337 0.0267111 7.86426 11.077 97.1086
avg attempts: 1.34011 2.83959 0.00291694 2.78088 101.888 92.2091
avg load: 3.57183 0.0851444 0.026963 12.1568 11.1868 98.1732
throughput: 2.62064 4.32233 1.17464
throughput of packet: 2.6507 4.40231 1.06459

33000
meandelay: 0.165734 0.615282 3.88546 3.52635 5.92039 7.51995 0.175634 2.03505 7.3523 3.15753
coll prob: 1.21774 0.115004 0.0684815 10.7682 18.7154 110.407
avg attempts: 1.3944 3.66428 0.00636202 3.536 237.806 212.24
avg load: 4.08679 0.157963 0.0687556 14.9518 18.7944 110.93
throughput: 2.86905 4.22656 0.601926
throughput of packet: 2.91228 4.26263 0.522622

36000
meandelay: 0.178531 0.648743 3.88985 3.51718 5.91925 7.51977 0.199026 2.64058 7.45036 3.40143
coll prob: 1.54575 0.224552 0.155511 14.1361 28.6211 122.392
avg attempts: 1.45833 4.79473 0.0128405 4.61416 565.613 518.362
avg load: 4.66011 0.28357 0.1558 18.019 28.6718 122.629
throughput: 3.11436 3.94195 0.287526
throughput of packet: 3.17367 3.93362 0.236548

39000
meandelay: 0.192238 0.671626 3.89501 3.51757 5.9203 7.52011 0.229417 3.21212 7.49207 3.61487
coll prob: 1.94511 0.402956 0.30677 17.5525 39.5098 133.3
avg attempts: 1.53463 6.27222 0.0231114 6.01372 1411.63 1288.22
avg load: 5.29731 0.479296 0.306993 21.042 39.5378 133.403
throughput: 3.3522 3.56579 0.131778
throughput of packet: 3.42876 3.51746 0.103548

42000
meandelay: 0.205578 0.691233 3.89555 3.52078 5.9195 7.52057 0.268313 3.73607 7.50916 3.80829
coll prob: 2.41469 0.6796 0.558911 21.0386 51.109 143.848
avg attempts: 1.62405 8.42102 0.0389207 7.90032 3363.25 3174.93
avg load: 5.99044 0.771141 0.559044 24.0828 51.1242 143.893
throughput: 3.57575 3.13574 0.0606519
throughput of packet: 3.66742 3.0594 0.0453185

45000
meandelay: 0.219978 0.706142 3.74735 3.51889 5.92047 7.52024 0.319573 4.18273 7.51557 3.97653
coll prob: 2.99205 1.10317 0.955252 24.3464 62.4588 154.27
avg attempts: 1.73414 11.2228 0.0619691 10.3681 8398.82 8072.62
avg load: 6.77342 1.21105 0.955422 26.9434 62.4662 154.289
throughput: 3.78137 2.70484 0.0267185
throughput of packet: 3.88941 2.6044 0.0191111

48000
meandelay: 0.23393 0.718881 3.67499 3.51931 5.91976 7.52008 0.38584 4.5716 7.51815 4.13165
coll prob: 3.68041 1.72806 1.55928 27.6559 73.9588 164.852
avg attempts: 1.86849 15.342 0.0946187 13.8316 20376.5 19923.2
avg load: 7.64052 1.84853 1.55936 29.8104 73.9624 164.86
throughput: 3.9601 2.27498 0.0119852
throughput of packet: 4.08066 2.15813 0.00827407

