3.3e-06-------------
900
meandelay: 0.0884403 0.189864 0.381497 -nan -nan -nan 0.0884403 0.189864 0.381497 0.22024
coll prob: 0.000548148 0 0 0.00204074 0 0.00417778
avg attempts: 1.00697 -nan -nan 1.01289 -nan 1.01319
avg load: 0.0791833 0 0 0.16033 0 0.320896
throughput: 0.0786352 0.158289 0.316719
throughput of packet: 0.0786352 0.158289 0.316719

3000
meandelay: 0.106096 0.268775 0.542011 -nan -nan -nan 0.106096 0.268775 0.542011 0.305594
coll prob: 0.00597407 0 0 0.0249556 0 0.0497556
avg attempts: 1.02266 1 -nan 1.04715 1 1.04723
avg load: 0.269309 3.7037e-06 0 0.553504 7.40741e-06 1.10324
throughput: 0.263335 0.528552 1.05349
throughput of packet: 0.263339 0.528556 1.05348

6000
meandelay: 0.134696 0.395271 0.789699 -nan -nan -nan 0.134696 0.395271 0.789699 0.439708
coll prob: 0.024737 0 0 0.107311 7.40741e-06 0.212741
avg attempts: 1.04698 1 -nan 1.1017 1.07143 1.10117
avg load: 0.551033 3.7037e-06 0 1.1604 0.000111111 2.31482
throughput: 0.526296 1.05309 2.10219
throughput of packet: 0.5263 1.05319 2.10208

9000
meandelay: 0.164533 0.544281 1.08723 -nan -nan -nan 0.164533 0.544281 1.08723 0.598489
coll prob: 0.0578111 1.11111e-05 0 0.262989 0.00022963 0.521193
avg attempts: 1.07302 1.27273 -nan 1.16448 1.16316 1.16497
avg load: 0.848363 5.18519e-05 0 1.84467 0.00163704 3.68001
throughput: 0.790552 1.58173 3.16022
throughput of packet: 0.790593 1.58309 3.15881

12000
meandelay: 0.197787 0.723533 1.43948 -nan -nan -nan 0.197787 0.723533 1.43948 0.785994
coll prob: 0.107378 2.96296e-05 0 0.512507 0.00182963 1.01354
avg attempts: 1.10137 1.2 -nan 1.23755 1.27024 1.24088
avg load: 1.16375 0.000177778 0 2.61288 0.0086 5.21939
throughput: 1.05637 2.10052 4.21261
throughput of packet: 1.05652 2.10714 4.20584

15000
meandelay: 0.235333 0.947682 1.90683 -nan -nan -nan 0.235333 0.947682 1.90683 1.02742
coll prob: 0.177435 0.000233333 0 0.894196 0.00803704 1.79316
avg attempts: 1.13316 1.37107 1 1.3232 1.34098 1.34172
avg load: 1.50098 0.000822222 7.40741e-06 3.51494 0.0316074 7.04012
throughput: 1.32355 2.62133 5.27054
throughput of packet: 1.32414 2.64431 5.24696

18000
meandelay: 0.274785 1.24182 2.55118 -nan 34.2691 42.464 0.274785 1.24224 2.55165 1.35339
coll prob: 0.265174 0.000714815 0 1.46374 0.0337481 3.01921
avg attempts: 1.1658 1.45567 0.166667 1.42487 1.49313 1.48056
avg load: 1.8463 0.00221852 1.48148e-05 4.58631 0.102185 9.30046
throughput: 1.58113 3.12408 6.3497
throughput of packet: 1.58264 3.19101 6.28124

21000
meandelay: 0.315475 1.63036 3.54766 -nan 31.5647 42.4976 0.315475 1.63447 3.55393 1.83042
coll prob: 0.3741 0.00201481 4.44444e-05 2.27899 0.119844 5.09941
avg attempts: 1.19935 1.50549 0.15 1.54078 1.70546 1.69692
avg load: 2.21606 0.00538519 0.0002 5.86476 0.289726 12.4153
throughput: 1.84196 3.58914 7.48593
throughput of packet: 1.84549 3.75566 7.31589

24000
meandelay: 0.36648 2.21754 6.16297 15.9548 30.8355 41.9784 0.366794 2.26589 6.30145 2.95886
coll prob: 0.518078 0.00570741 0.000518519 3.46312 0.509311 10.7019
avg attempts: 1.23953 1.72742 0.0285649 1.67398 2.31808 2.29753
avg load: 2.62303 0.0124333 0.000925926 7.4545 0.895659 18.948
throughput: 2.10495 3.99811 8.63284
throughput of packet: 2.11208 4.37773 8.24608

27000
meandelay: 0.418438 2.39707 19.3439 16.3156 30.8316 42.0804 0.421815 4.28737 33.6362 12.0999
coll prob: 0.688181 0.0143667 0.0041037 5.0619 4.20661 66.7061
avg attempts: 1.28084 2.17565 0.000793451 2.09185 22.1443 22.0229
avg load: 3.05282 0.0263222 0.00425926 9.33244 4.40548 69.8775
throughput: 2.36464 4.2825 3.37052
throughput of packet: 2.37675 4.46941 3.17149

30000
meandelay: 0.481466 2.65565 20.3639 16.0354 30.8487 42.0737 0.491909 6.48792 38.2451 14.2266
coll prob: 0.906217 0.0335481 0.0142741 7.26694 8.84884 84.2784
avg attempts: 1.32968 2.63075 0.00188195 2.58046 52.4764 52.0242
avg load: 3.53112 0.0538296 0.0145111 11.646 9.0207 85.9293
throughput: 2.6249 4.39936 1.82299
throughput of packet: 2.64542 4.55093 1.6509

33000
meandelay: 0.543287 2.86617 20.6933 16.0318 30.8698 42.0804 0.568199 9.16083 40.2918 15.7857
coll prob: 1.15206 0.0711852 0.0374444 9.89359 15.5402 97.6455
avg attempts: 1.37883 3.25804 0.00402638 3.2359 118.155 114.96
avg load: 4.02731 0.102404 0.0377852 14.1979 15.6728 98.5019
throughput: 2.87525 4.33553 0.989378
throughput of packet: 2.90681 4.43691 0.856437

36000
meandelay: 0.613762 3.02643 20.7957 15.9602 30.8869 42.0702 0.667662 12.1069 41.2587 17.1143
coll prob: 1.46045 0.139622 0.0889037 12.8447 24.0867 109.063
avg attempts: 1.43883 4.14934 0.00833072 4.11319 268.36 257.595
avg load: 4.58653 0.183719 0.0892593 16.9109 24.1768 109.488
throughput: 3.12609 4.1103 0.515244
throughput of packet: 3.17054 4.15627 0.424822

39000
meandelay: 0.69515 3.14032 20.7374 16.0081 30.8814 42.0829 0.800074 14.95 41.7173 18.2635
coll prob: 1.8422 0.265659 0.187956 15.8457 33.5412 119.349
avg attempts: 1.50973 5.26125 0.01591 5.22085 597.404 579.297
avg load: 5.21153 0.327796 0.18837 19.5715 33.5974 119.556
throughput: 3.36933 3.78788 0.262919
throughput of packet: 3.43188 3.78196 0.206281

42000
meandelay: 0.775453 3.2464 20.4397 15.9985 30.8698 42.0821 0.963807 17.6527 41.9179 19.3121
coll prob: 2.28831 0.47157 0.364793 18.9506 43.7811 129.374
avg attempts: 1.59034 6.74118 0.0283213 6.67839 1363.13 1313.56
avg load: 5.88605 0.553622 0.365022 22.2749 43.8132 129.472
throughput: 3.59774 3.40644 0.130881
throughput of packet: 3.68002 3.35652 0.0985185

45000
meandelay: 0.863454 3.31988 19.5445 15.9713 30.8646 42.0728 1.17718 20.0396 41.9984 20.2062
coll prob: 2.83274 0.798052 0.655067 21.9599 54.0969 138.636
avg attempts: 1.68875 8.61757 0.0473447 8.53815 3154.79 3025.53
avg load: 6.64089 0.902752 0.655207 24.8669 54.1141 138.682
throughput: 3.80815 3.01174 0.0631037
throughput of packet: 3.91299 2.92419 0.0458148

48000
meandelay: 0.95342 3.39221 18.7447 16.0176 30.8901 42.0796 1.45177 22.2088 42.0432 21.0397
coll prob: 3.48884 1.28784 1.11312 24.9912 64.6456 148.036
avg attempts: 1.80859 11.23 0.0752829 11.0672 6887.2 6399.19
avg load: 7.49168 1.41366 1.11334 27.4704 64.655 148.059
throughput: 4.00284 2.60499 0.0327333
throughput of packet: 4.12888 2.48856 0.0231259

