3.3e-06-------------
900
meandelay: 0.0829888 0.172418 0.342809 -nan -nan -nan 0.0829888 0.172418 0.342809 0.199547
coll prob: 0.000540741 0 0 0.00222222 0 0.00402222
avg attempts: 1.00682 -nan -nan 1.01403 -nan 1.01264
avg load: 0.0798481 0 0 0.160656 0 0.322126
throughput: 0.0793074 0.158433 0.318104
throughput of packet: 0.0793074 0.158433 0.318104

3000
meandelay: 0.090516 0.202371 0.400299 -nan -nan -nan 0.090516 0.202371 0.400299 0.230941
coll prob: 0.00630926 0 0 0.0254296 0 0.0480148
avg attempts: 1.0239 -nan -nan 1.04828 1 1.0456
avg load: 0.270244 0 0 0.551574 1.48148e-05 1.1009
throughput: 0.263935 0.526144 1.0529
throughput of packet: 0.263935 0.526159 1.05289

6000
meandelay: 0.100691 0.251115 0.499115 -nan -nan -nan 0.100691 0.251115 0.499115 0.283587
coll prob: 0.0248944 0 0 0.109533 4.44444e-05 0.214859
avg attempts: 1.04723 1 -nan 1.10308 1.15385 1.10196
avg load: 0.551859 3.7037e-06 0 1.1665 0.000333333 2.32213
throughput: 0.526965 1.05697 2.10756
throughput of packet: 0.526969 1.05726 2.10727

9000
meandelay: 0.112494 0.307812 0.613854 -nan -nan -nan 0.112494 0.307812 0.613854 0.344847
coll prob: 0.0585 2.59259e-05 0 0.266004 0.000288889 0.5292
avg attempts: 1.07391 1.7 -nan 1.16563 1.14662 1.16709
avg load: 0.848983 6.2963e-05 0 1.84817 0.00225926 3.69627
throughput: 0.790483 1.5822 3.16904
throughput of packet: 0.79052 1.58414 3.16707

12000
meandelay: 0.125257 0.377309 0.750734 -nan -nan -nan 0.125257 0.377309 0.750734 0.41737
coll prob: 0.108893 5.92593e-05 0 0.517593 0.00213333 1.03213
avg attempts: 1.10257 1.24615 -nan 1.23883 1.26374 1.24513
avg load: 1.16575 0.0003 0 2.617 0.0102222 5.24242
throughput: 1.05686 2.09965 4.21839
throughput of packet: 1.0571 2.1075 4.2103

15000
meandelay: 0.139056 0.465418 0.933869 -nan 10.6667 21.44 0.139056 0.465461 0.933897 0.512862
coll prob: 0.17682 0.000255556 0 0.91117 0.00973333 1.83612
avg attempts: 1.13329 1.40351 0 1.32653 1.35466 1.34825
avg load: 1.49391 0.000888889 0 3.53347 0.0371778 7.10818
throughput: 1.31709 2.62293 5.2995
throughput of packet: 1.31773 2.64974 5.27206

18000
meandelay: 0.15433 0.582674 1.17746 -nan 11.92 16.0188 0.15433 0.582913 1.17775 0.637683
coll prob: 0.266481 0.000762963 7.40741e-06 1.49706 0.0388074 3.07706
avg attempts: 1.16633 1.38509 0.272727 1.4293 1.50312 1.48817
avg load: 1.84684 0.00255185 4.44444e-05 4.62472 0.115941 9.37994
throughput: 1.58036 3.12945 6.38005
throughput of packet: 1.58218 3.2048 6.30288

21000
meandelay: 0.171211 0.738817 1.60421 6.7 12.1565 16.1389 0.171264 0.740918 1.60755 0.839068
coll prob: 0.381385 0.00238889 0.000162963 2.3251 0.141074 5.3826
avg attempts: 1.20277 1.54057 0.195312 1.54353 1.75366 1.73181
avg load: 2.22521 0.00604074 0.00037037 5.91406 0.328259 12.7374
throughput: 1.84382 3.59261 7.54223
throughput of packet: 1.84768 3.77614 7.35484

24000
meandelay: 0.191729 0.954957 4.22724 6.58141 12.162 16.1592 0.192126 1.10931 6.01117 2.4162
coll prob: 0.533057 0.00711111 0.00122222 3.55453 1.1831 28.074
avg attempts: 1.24484 1.82131 0.00131888 1.73051 4.70685 4.97722
avg load: 2.64601 0.0147593 0.00163704 7.54629 1.50227 35.1325
throughput: 2.11295 3.9994 7.37805
throughput of packet: 2.12102 4.31092 7.05847

27000
meandelay: 0.210663 0.989122 7.77142 6.59638 12.1515 16.1588 0.212481 1.90948 13.9957 5.25227
coll prob: 0.699061 0.0168185 0.00552593 5.32543 5.02981 77.3969
avg attempts: 1.28378 2.20626 0.000848786 2.17975 35.4798 34.0079
avg load: 3.06578 0.0304296 0.00572593 9.59164 5.17567 79.7412
throughput: 2.36671 4.27983 2.49039
throughput of packet: 2.38053 4.41207 2.34433

30000
meandelay: 0.23414 1.08799 8.02687 6.60194 12.1571 16.1592 0.239487 2.80169 15.185 5.94013
coll prob: 0.913413 0.0400963 0.0178519 7.61536 10.0173 93.7951
avg attempts: 1.33082 2.75516 0.00204127 2.69085 82.0055 78.8507
avg load: 3.53721 0.0626963 0.0180667 11.9725 10.1409 94.9996
throughput: 2.6238 4.37979 1.32844
throughput of packet: 2.64661 4.48084 1.20457

33000
meandelay: 0.260013 1.17191 8.11748 6.63153 12.1551 16.1617 0.273088 3.9177 15.7278 6.49646
coll prob: 1.17875 0.0852926 0.0478444 10.4629 17.4218 107.109
avg attempts: 1.38469 3.44855 0.00460404 3.41715 191.308 180.835
avg load: 4.06222 0.119915 0.0480963 14.715 17.5134 107.705
throughput: 2.88347 4.28677 0.687267
throughput of packet: 2.91834 4.34369 0.595481

36000
meandelay: 0.286211 1.24147 8.10536 6.63225 12.1611 16.1559 0.313755 5.1487 15.969 7.00778
coll prob: 1.48318 0.166096 0.109889 13.688 26.8874 118.797
avg attempts: 1.44434 4.51351 0.00936425 4.41821 459.616 425.987
avg load: 4.60832 0.213267 0.110067 17.6575 26.946 119.076
throughput: 3.12514 4.01666 0.338274
throughput of packet: 3.17249 4.02811 0.279474

39000
meandelay: 0.316638 1.29336 8.12526 6.6484 12.1578 16.1602 0.369888 6.34824 16.0839 7.47029
coll prob: 1.87035 0.311448 0.230526 17.0639 37.6305 129.746
avg attempts: 1.51834 5.90618 0.0178667 5.74887 1078.78 1049.21
avg load: 5.23361 0.374807 0.230807 20.6418 37.6654 129.87
throughput: 3.36326 3.64127 0.158948
throughput of packet: 3.4269 3.61282 0.123756

42000
meandelay: 0.347509 1.33475 8.05309 6.63802 12.16 16.1622 0.440191 7.4367 16.1299 7.86835
coll prob: 2.33267 0.543522 0.435015 20.4352 48.8649 139.959
avg attempts: 1.60343 7.64987 0.0311561 7.49609 2674.76 2504.42
avg load: 5.92725 0.625196 0.435215 23.5748 48.8832 140.014
throughput: 3.59458 3.22128 0.0743704
throughput of packet: 3.67646 3.15788 0.0558963

45000
meandelay: 0.379395 1.36755 7.82408 6.63926 12.1614 16.1588 0.53182 8.38336 16.1451 8.22336
coll prob: 2.88743 0.905263 0.769341 23.725 60.1544 150.144
avg attempts: 1.70693 10.1129 0.0512932 9.80007 6369.67 6055.91
avg load: 6.69064 1.00457 0.769459 26.4184 60.1638 150.169
throughput: 3.80321 2.79266 0.0343556
throughput of packet: 3.90264 2.7028 0.0247926

48000
meandelay: 0.411938 1.39413 7.1269 6.62866 12.1597 16.1605 0.649038 9.1954 16.154 8.53936
coll prob: 3.55811 1.44839 1.28525 26.9291 71.3227 160.407
avg attempts: 1.83252 13.3956 0.0801618 12.9324 15655.7 13933.3
avg load: 7.55096 1.5652 1.28534 29.1847 71.3273 160.419
throughput: 3.99286 2.37237 0.0161556
throughput of packet: 4.10976 2.26011 0.0115111

