3.3e-06-------------
900
meandelay: 0.083185 0.171592 0.36821 -nan -nan -nan 0.083185 0.171592 0.36821 0.207701
avg attempts: 1.00725 1 -nan 1.01256 3.07143 1.02776
avg load: 0.0797519 0.160126 0.325689
throughput: 0.0791593 0.158037 0.316889
throughput of packet: 0.0791778 0.158122 0.316785

3000
meandelay: 0.0904373 0.201172 0.496229 -nan -nan -nan 0.0904373 0.201172 0.496229 0.262374
avg attempts: 1.02233 1.05505 1 1.04208 3.13649 1.10069
avg load: 0.27025 0.549863 1.16116
throughput: 0.263948 0.525093 1.05484
throughput of packet: 0.264359 0.527348 1.05218

6000
meandelay: 0.100546 0.250813 0.761902 -nan -nan -nan 0.100546 0.250813 0.761902 0.370313
avg attempts: 1.0419 1.10041 1.45455 1.08403 3.25232 1.25053
avg load: 0.552022 1.1563 2.65201
throughput: 0.527165 1.04817 2.12065
throughput of packet: 0.529976 1.06537 2.10064

9000
meandelay: 0.112201 0.313162 1.20762 -nan 10.4667 16.1455 0.112201 0.313447 1.208 0.543681
avg attempts: 1.06265 1.13277 1.37838 1.12138 3.53274 1.50419
avg load: 0.846383 1.81396 4.84895
throughput: 0.788417 1.559 3.22244
throughput of packet: 0.797224 1.61582 3.15681

12000
meandelay: 0.125329 0.417559 3.37835 11.2776 10.4147 16.1542 0.125994 0.474539 4.31433 1.62621
avg attempts: 1.08332 1.1812 0.015865 1.17084 5.69244 3.52931
avg load: 1.15175 2.53439 14.0787
throughput: 1.04543 2.04578 3.99562
throughput of packet: 1.06535 2.16471 3.85677

15000
meandelay: 0.137781 0.365301 7.92759 10.8966 10.3912 16.1547 0.147249 0.899034 14.7875 5.13278
avg attempts: 1.10502 1.33605 0.00706891 1.30644 75.308 55.4967
avg load: 1.47516 3.31463 48.2897
throughput: 1.30229 2.51136 0.869756
throughput of packet: 1.33864 2.50759 0.837178

18000
meandelay: 0.150098 0.375323 8.1168 10.9837 10.4084 16.1576 0.169756 1.22705 15.7031 5.53629
avg attempts: 1.12533 1.4288 0.0123927 1.41055 238.816 172.339
avg load: 1.80362 4.15918 61.9508
throughput: 1.55076 2.93448 0.358778
throughput of packet: 1.60948 2.89455 0.339993

21000
meandelay: 0.16329 0.3931 8.13733 11.0674 10.3926 16.1626 0.20282 1.59236 16.0112 5.77775
avg attempts: 1.14595 1.55719 0.0234222 1.52804 712.596 525.552
avg load: 2.14708 5.09367 75.2233
throughput: 1.79344 3.32486 0.142933
throughput of packet: 1.88547 3.2431 0.132659

24000
meandelay: 0.177906 0.412693 8.16691 11.0481 10.4014 16.1606 0.245405 2.00581 16.1093 5.95802
avg attempts: 1.17054 1.69026 0.0395659 1.66239 2182.77 1555.54
avg load: 2.51138 6.0958 88.4277
throughput: 2.03324 3.6614 0.0566074
throughput of packet: 2.16474 3.53506 0.0514519

27000
meandelay: 0.191795 0.431923 8.08396 11.0493 10.3964 16.1608 0.301353 2.46197 16.1445 6.14093
avg attempts: 1.19536 1.85828 0.0640471 1.81935 7538.64 4935.63
avg load: 2.88265 7.1515 102.121
throughput: 2.26251 3.92557 0.020437
throughput of packet: 2.44071 3.74957 0.018237

30000
meandelay: 0.204753 0.451246 7.86834 11.0575 10.403 16.1622 0.371939 2.9468 16.1565 6.34052
avg attempts: 1.22312 2.05626 0.0973028 1.99972 20361.4 14606.1
avg load: 3.26208 8.29486 116.905
throughput: 2.48116 4.14062 0.00794074
throughput of packet: 2.70846 3.9144 0.00685926

33000
meandelay: 0.218154 0.469479 7.20227 11.0332 10.4008 16.1639 0.453464 3.45369 16.1622 6.54377
avg attempts: 1.25305 2.25019 0.137211 2.21027 77620.9 52751.7
avg load: 3.65441 9.51316 132.425
throughput: 2.69029 4.29829 0.00248889
throughput of packet: 2.97361 4.01536 0.00208889

36000
meandelay: 0.230608 0.485252 5.85032 11.0405 10.4001 16.1611 0.561516 3.98928 16.1603 6.76321
avg attempts: 1.28879 2.52113 0.192932 2.46275 198717 130871
avg load: 4.06421 10.8036 149.048
throughput: 2.89063 4.37816 0.0010963
throughput of packet: 3.22936 4.03961 0.000918519

39000
meandelay: 0.242464 0.500058 2.76923 11.0449 10.3985 16.1599 0.693056 4.52822 16.1595 6.98458
avg attempts: 1.32911 2.83522 0.263507 2.75872 540103 337924
avg load: 4.49696 12.1847 166.626
throughput: 3.08475 4.40526 0.000466667
throughput of packet: 3.4817 4.00839 0.000385185

42000
meandelay: 0.252429 0.51381 1.53212 11.037 10.403 16.1606 0.843044 5.07362 16.1604 7.22112
avg attempts: 1.37327 3.20925 0.345833 3.11294 1.03414e+06 573553
avg load: 4.92944 13.6374 185.297
throughput: 3.26219 4.36647 0.000296296
throughput of packet: 3.7117 3.91702 0.000244444

45000
meandelay: 0.261896 0.525934 1.43407 11.0385 10.4033 16.1599 1.01234 5.59561 16.1597 7.45629
avg attempts: 1.42378 3.64198 0.439393 3.52452 1.72396e+06 750825
avg load: 5.37273 15.1472 204.685
throughput: 3.42495 4.28058 0.000237037
throughput of packet: 3.92115 3.78442 0.0002

48000
meandelay: 0.269498 0.536585 0.426667 11.0292 10.4 16.1592 1.1981 6.10376 16.159 7.69448
avg attempts: 1.47919 4.15436 0.543509 4.0188 3.37008e+06 801436
avg load: 5.82349 16.7351 225.203
throughput: 3.57619 4.1456 0.000222222
throughput of packet: 4.1097 3.61212 0.0002

